5,7
(1410,546,236.311859,-2)
(1408,544,236.311859,-2)
(1406,542,236.311859,-2)
(1404,540,236.311859,-2)
(1402,538,236.311859,-2)
(1400,536,236.311859,-2)
(1398,534,236.311859,-2)
(1396,532,236.311859,-2)
(1394,530,236.311859,-2)
(1392,528,236.311859,-2)
(1390,526,236.311859,-2)
(1388,524,236.311859,-2)
(1386,522,236.311859,-2)
(1384,520,236.311859,-2)
(1382,518,236.311859,-2)
(1380,516,236.311859,-2)
(1378,514,236.311859,-2)
(1376,512,236.311859,-2)
(1374,510,236.311859,-2)
(1372,508,236.311859,-2)
(1370,506,236.311859,-2)
(1368,504,236.311859,-2)
(1366,502,236.311859,-2)
(1364,500,236.311859,-2)
(1362,498,236.311859,-2)
(1360,496,236.311859,-2)
(1358,494,236.311859,-2)
(1356,492,236.311859,-2)
(1354,490,236.311859,-2)
(1352,488,236.311859,-2)
(1350,486,236.311859,-2)
(1348,484,236.311859,-2)
(1346,482,236.311859,-2)
(1344,480,236.311859,-2)
(1342,478,236.311859,-2)
(1340,476,236.311859,-2)
(1338,474,236.311859,-2)
(1336,472,236.311859,-2)
(1334,470,236.311859,-2)
(1332,468,236.311859,-2)
(1330,466,236.311859,-2)
(1328,464,236.311859,-2)
(1325,462,236.311859,-2)
(1321,460,236.313446,-2)
(1318,457,236.314758,-2)
(1315,455,236.315887,-2)
(1311,453,236.316864,-2)
(1308,451,236.317719,-2)
(1305,448,236.318497,-2)
(1301,446,236.319168,-2)
(1298,444,236.319778,-2)
(1295,442,236.320313,-2)
(1291,440,236.320831,-2)
(1288,437,236.321289,-2)
(1285,435,236.321716,-2)
(1281,433,236.322098,-2)
(1278,431,236.322464,-2)
(1275,428,236.322800,-2)
(1271,426,236.323120,-2)
(1268,424,236.323425,-2)
(1265,422,236.323715,-2)
(1261,420,236.323959,-2)
(1258,417,236.324203,-2)
(1255,415,236.324448,-2)
(1251,413,236.324661,-2)
(1248,411,236.324875,-2)
(1245,408,236.325073,-2)
(1241,406,236.325256,-2)
(1238,404,236.325439,-2)
(1235,402,236.325607,-2)
(1231,400,236.325760,-2)
(1228,397,236.325912,-2)
(1225,395,236.326065,-2)
(1221,393,236.326202,-2)
(1218,391,236.326340,-2)
(1215,388,236.326477,-2)
(1211,386,236.326599,-2)
(1208,384,236.326721,-2)
(1205,382,236.326828,-2)
(1201,380,236.326950,-2)
(1198,377,236.327057,-2)
(1195,375,236.327148,-2)
(1191,373,236.327240,-2)
(1188,371,236.327347,-2)
(1185,368,236.327438,-2)
(1181,366,236.327530,-2)
(1178,364,236.327606,-2)
(1175,362,236.327682,-2)
(1171,360,236.327774,-2)
(1168,357,236.327850,-2)
(1165,355,236.327911,-2)
(1161,353,236.328003,-2)
(1158,351,236.328064,-2)
(1155,348,236.328125,-2)
(1151,346,236.328186,-2)
(1148,344,236.328262,-2)
(1145,342,236.328323,-2)
(1141,340,236.328384,-2)
(1138,337,236.328430,-2)
(1135,335,236.328491,-2)
(1131,333,236.328537,-2)
(1128,331,236.328598,-2)
(1125,328,236.328644,-2)
(1121,326,236.328705,-2)
(1118,324,236.328751,-2)
(1115,322,236.328796,-2)
(1111,320,236.328827,-2)
(1108,317,236.328873,-2)
(1105,315,236.328918,-2)
(1101,313,236.328964,-2)
(1098,311,236.328995,-2)
(1095,308,236.329041,-2)
(1091,306,236.329071,-2)
(1088,304,236.329102,-2)
(1085,302,236.329147,-2)
(1081,300,236.329178,-2)
(1078,297,236.329208,-2)
(1075,295,236.329239,-2)
(1071,293,236.329269,-2)
(1068,291,236.329300,-2)
(1065,288,236.329315,-2)
(1061,286,236.329346,-2)
(1058,284,236.329376,-2)
(1055,282,236.329407,-2)
(1051,280,236.329422,-2)
(1048,277,236.329453,-2)
(1045,275,236.329483,-2)
(1041,273,236.329498,-2)
(1038,271,236.329514,-2)
(1035,268,236.329544,-2)
(1031,266,236.329559,-2)
(1028,264,236.329575,-2)
(1025,262,236.329605,-2)
(1021,260,236.329605,-2)
(1018,257,236.329636,-2)
(1015,255,236.329651,-2)
(1011,253,236.329666,-2)
(1008,251,236.329681,-2)
(1005,248,236.329681,-2)
(1001,246,236.329712,-2)
(998,244,236.329712,-2)
(995,242,236.329727,-2)
(991,240,236.329742,-2)
(988,237,236.329742,-2)
(985,235,236.329758,-2)
(981,233,236.329758,-2)
(978,231,236.329773,-2)
(974,228,236.329773,-2)
(971,226,236.329788,-2)
(968,224,236.329788,-2)
(964,222,236.329803,-2)
(961,220,236.329803,-2)
(958,217,236.329803,-2)
(954,215,236.329803,-2)
(951,213,236.329819,-2)
(948,211,236.329819,-2)
(944,208,236.329819,-2)
(941,206,236.329819,-2)
(938,204,236.329819,-2)
(934,202,236.329819,-2)
(931,200,236.329819,-2)
(928,197,236.329819,-2)
(924,195,236.329819,-2)
(921,193,236.329803,-2)
(918,191,236.329803,-2)
(914,188,236.329803,-2)
(911,186,236.329803,-2)
(908,184,236.329803,-2)
(904,182,236.329788,-2)
(901,180,236.329788,-2)
(898,177,236.329773,-2)
(894,175,236.329773,-2)
(891,173,236.329758,-2)
(888,171,236.329758,-2)
(884,168,236.329742,-2)
(881,166,236.329727,-2)
(878,164,236.329727,-2)
(874,162,236.329712,-2)
(871,160,236.329697,-2)
(868,157,236.329681,-2)
(864,155,236.329666,-2)
(861,153,236.329651,-2)
(858,151,236.329636,-2)
(854,149,236.329620,-2)
(851,146,236.329605,-2)
(848,144,236.329590,-2)
(844,142,236.329575,-2)
(841,140,236.329544,-2)
(838,137,236.329529,-2)
(834,135,236.329514,-2)
(831,133,236.329483,-2)
(828,131,236.329468,-2)
(824,129,236.329437,-2)
(821,126,236.329422,-2)
(818,124,236.329391,-2)
(814,122,236.329361,-2)
(811,120,236.329346,-2)
(808,117,236.329315,-2)
(804,115,236.329285,-2)
(801,113,236.329254,-2)
(798,111,236.329224,-2)
(794,109,236.329193,-2)
(791,106,236.329163,-2)
(788,104,236.329117,-2)
(784,102,236.329086,-2)
(781,100,236.329056,-2)
(778,97,236.329025,-2)
(774,95,236.328979,-2)
(771,93,236.328934,-2)
(768,91,236.328903,-2)
(764,89,236.328857,-2)
(761,86,236.328812,-2)
(758,84,236.328766,-2)
(754,82,236.328720,-2)
(751,80,236.328674,-2)
(748,77,236.328629,-2)
(744,75,236.328568,-2)
(741,73,236.328506,-2)
(738,71,236.328461,-2)
(734,69,236.328400,-2)
(731,66,236.328354,-2)
(728,64,236.328293,-2)
(724,62,236.328232,-2)
(721,60,236.328156,-2)
(718,57,236.328094,-2)
(714,55,236.328033,-2)
(711,53,236.327957,-2)
(708,51,236.327881,-2)
(704,49,236.327805,-2)
(701,46,236.327728,-2)
(698,44,236.327652,-2)
(694,42,236.327560,-2)
(691,40,236.327484,-2)
(688,37,236.327393,-2)
(684,35,236.327301,-2)
(681,33,236.327194,-2)
(678,31,236.327103,-2)
(674,29,236.326996,-2)
(671,26,236.326889,-2)
(668,24,236.326767,-2)
(664,22,236.326645,-2)
(661,20,236.326538,-2)
(658,17,236.326401,-2)
(654,15,236.326279,-2)
(651,13,236.326141,-2)
(648,11,236.325989,-2)
(644,9,236.325836,-2)
(641,6,236.325684,-2)
(638,4,236.325516,-2)
(634,2,236.325348,-2)
(631,0,236.325165,-2)
(628,-2,236.324966,-2)
(624,-4,236.324768,-2)
(621,-6,236.324554,-2)
(618,-8,236.324326,-2)
(614,-10,236.324081,-2)
(611,-13,236.323837,-2)
(608,-15,236.323563,-2)
(604,-17,236.323273,-2)
(601,-19,236.322968,-2)
(598,-22,236.322647,-2)
(594,-24,236.322296,-2)
(591,-26,236.321915,-2)
(588,-28,236.321503,-2)
(584,-30,236.321075,-2)
(581,-33,236.320587,-2)
(578,-35,236.320053,-2)
(574,-37,236.319473,-2)
(571,-39,236.318832,-2)
(568,-42,236.318100,-2)
(564,-44,236.317307,-2)
(561,-46,236.316391,-2)
(558,-48,236.315338,-2)
(554,-50,236.314133,-2)
(551,-53,236.312683,-2)
(548,-55,236.310959,-2)
(546,-57,236.310959,-2)
(546,-57,236.310959,-2)
(544,-59,236.310959,-2)
(542,-61,236.310959,-2)
(540,-63,236.310959,-2)
(538,-65,236.310959,-2)
(536,-67,236.310959,-2)
(534,-69,236.310959,-2)
(532,-71,236.310959,-2)
(530,-73,236.310959,-2)
(528,-75,236.310959,-2)
(526,-77,236.310959,-2)
(524,-79,236.310959,-2)
(522,-81,236.310959,-2)
(520,-83,236.310959,-2)
(518,-85,236.310959,-2)
(516,-87,236.310959,-2)
(514,-89,236.310959,-2)
(512,-91,236.310959,-2)
(510,-93,236.310959,-2)
(508,-95,236.310959,-2)
(506,-97,236.310959,-2)
(504,-99,236.310959,-2)
(502,-101,236.310959,-2)
(500,-103,236.310959,-2)
(498,-105,236.310959,-2)
(496,-107,236.310959,-2)
(494,-109,236.310959,-2)
(492,-111,236.310959,-2)
(490,-113,236.310959,-2)
(488,-115,236.310959,-2)
(486,-117,236.310959,-2)
(484,-119,236.310959,-2)
(482,-121,236.310959,-2)
(480,-123,236.310959,-2)
(478,-125,236.310959,-2)
(476,-127,236.310959,-2)
(474,-129,236.310959,-2)
(472,-131,236.310959,-2)
(470,-133,236.310959,-2)
(468,-135,236.310959,-2)
(466,-137,236.310959,-2)
