5,7
(-199,367,83.834035,-2)
(-193,368,83.834035,-2)
(-187,369,83.834035,-2)
(-181,370,83.834035,-2)
(-175,371,83.834035,-2)
(-169,372,83.834035,-2)
(-163,373,83.834035,-2)
(-157,374,83.834035,-2)
(-151,375,83.834035,-2)
(-145,376,83.834035,-2)
(-139,377,83.834035,-2)
(-133,378,83.834035,-2)
(-127,379,83.834035,-2)
(-121,380,83.834035,-2)
(-115,381,83.834035,-2)
(-109,382,83.834035,-2)
(-103,383,83.834035,-2)
(-97,384,83.834035,-2)
(-91,385,83.834035,-2)
(-85,386,83.834035,-2)
(-79,387,83.834035,-2)
(-73,388,83.834035,-2)
(-67,389,83.834035,-2)
(-61,390,83.834035,-2)
(-55,391,83.834035,-2)
(-49,392,83.834035,-2)
(-43,393,83.834035,-2)
(-37,394,83.834035,-2)
(-31,395,83.834035,-2)
(-25,395,83.834035,-2)
(-19,396,83.817860,-2)
(-13,397,83.811611,-2)
(-7,397,83.811611,-2)
(-1,398,83.801472,-2)
(4,399,83.797282,-2)
(10,399,83.797282,-2)
(16,400,83.790193,-2)
(22,400,83.790193,-2)
(28,401,83.784390,-2)
(34,402,83.781855,-2)
(40,402,83.781855,-2)
(46,403,83.777381,-2)
(52,404,83.775392,-2)
(58,404,83.775392,-2)
(64,405,83.771813,-2)
(69,406,83.770200,-2)
(75,406,83.770200,-2)
(81,407,83.767266,-2)
(87,408,83.765927,-2)
(93,408,83.765927,-2)
(99,409,83.763468,-2)
(105,410,83.762338,-2)
(111,410,83.762338,-2)
(117,411,83.760247,-2)
(123,412,83.759275,-2)
(129,412,83.759275,-2)
(135,413,83.757474,-2)
(141,414,83.756634,-2)
(147,414,83.756634,-2)
(153,415,83.755063,-2)
(159,415,83.755063,-2)
(165,416,83.753625,-2)
(171,417,83.752949,-2)
(177,417,83.752949,-2)
(183,418,83.751678,-2)
(189,419,83.751080,-2)
(195,419,83.751080,-2)
(201,420,83.749951,-2)
(207,421,83.749416,-2)
(213,421,83.749416,-2)
(219,422,83.748408,-2)
(225,423,83.747930,-2)
(231,423,83.747930,-2)
(237,424,83.747026,-2)
(243,425,83.746597,-2)
(249,425,83.746597,-2)
(255,426,83.745782,-2)
(261,427,83.745394,-2)
(266,427,83.745394,-2)
(272,428,83.744660,-2)
(278,429,83.744309,-2)
(284,429,83.744309,-2)
(290,430,83.743644,-2)
(296,431,83.743326,-2)
(302,431,83.743326,-2)
(308,432,83.742726,-2)
(314,432,83.742726,-2)
(320,433,83.742159,-2)
(326,434,83.741889,-2)
(332,434,83.741889,-2)
(338,435,83.741376,-2)
(344,436,83.741130,-2)
(350,436,83.741130,-2)
(356,437,83.740665,-2)
(362,438,83.740445,-2)
(368,438,83.740445,-2)
(374,439,83.740023,-2)
(380,440,83.739820,-2)
(386,440,83.739820,-2)
(392,441,83.739439,-2)
(398,442,83.739256,-2)
(404,442,83.739256,-2)
(410,443,83.738912,-2)
(416,444,83.738746,-2)
(422,444,83.738746,-2)
(428,445,83.738436,-2)
(434,446,83.738287,-2)
(440,446,83.738287,-2)
(446,447,83.738008,-2)
(452,448,83.737876,-2)
(457,448,83.737876,-2)
(463,449,83.737626,-2)
(469,450,83.737510,-2)
(475,450,83.737510,-2)
(481,451,83.737288,-2)
(487,451,83.737288,-2)
(493,452,83.737086,-2)
(499,453,83.736990,-2)
(505,453,83.736990,-2)
(511,454,83.736814,-2)
(517,455,83.736732,-2)
(523,455,83.736732,-2)
(529,456,83.736581,-2)
(535,457,83.736511,-2)
(541,457,83.736511,-2)
(547,458,83.736384,-2)
(553,459,83.736326,-2)
(559,459,83.736326,-2)
(565,460,83.736221,-2)
(571,461,83.736175,-2)
(577,461,83.736175,-2)
(583,462,83.736095,-2)
(589,463,83.736060,-2)
(595,463,83.736060,-2)
(601,464,83.736001,-2)
(607,465,83.735978,-2)
(613,465,83.735978,-2)
(619,466,83.735942,-2)
(625,467,83.735929,-2)
(631,467,83.735929,-2)
(637,468,83.735915,-2)
(643,469,83.735912,-2)
(649,469,83.735912,-2)
(654,470,83.735920,-2)
(660,470,83.735920,-2)
(666,471,83.735941,-2)
(672,472,83.735957,-2)
(678,472,83.735957,-2)
(684,473,83.736001,-2)
(690,474,83.736030,-2)
(696,474,83.736030,-2)
(702,475,83.736095,-2)
(708,476,83.736134,-2)
(714,476,83.736134,-2)
(720,477,83.736222,-2)
(726,478,83.736272,-2)
(732,478,83.736272,-2)
(738,479,83.736383,-2)
(744,480,83.736446,-2)
(750,480,83.736446,-2)
(756,481,83.736582,-2)
(762,482,83.736656,-2)
(768,482,83.736656,-2)
(774,483,83.736814,-2)
(780,484,83.736901,-2)
(786,484,83.736901,-2)
(792,485,83.737088,-2)
(798,486,83.737185,-2)
(804,486,83.737185,-2)
(810,487,83.737398,-2)
(816,488,83.737510,-2)
(822,488,83.737510,-2)
(828,489,83.737750,-2)
(834,489,83.737750,-2)
(840,490,83.738008,-2)
(845,491,83.738146,-2)
(851,491,83.738146,-2)
(857,492,83.738437,-2)
(863,493,83.738590,-2)
(869,493,83.738590,-2)
(875,494,83.738913,-2)
(881,495,83.739083,-2)
(887,495,83.739083,-2)
(893,496,83.739440,-2)
(899,497,83.739630,-2)
(905,497,83.739630,-2)
(911,498,83.740023,-2)
(917,499,83.740232,-2)
(923,499,83.740232,-2)
(929,500,83.740669,-2)
(935,501,83.740898,-2)
(941,501,83.740898,-2)
(947,502,83.741379,-2)
(953,503,83.741631,-2)
(959,503,83.741631,-2)
(965,504,83.742161,-2)
(971,505,83.742442,-2)
(977,505,83.742442,-2)
(983,506,83.743024,-2)
(989,506,83.743024,-2)
(995,507,83.743649,-2)
(1001,508,83.743975,-2)
(1007,508,83.743975,-2)
(1013,509,83.744664,-2)
(1019,510,83.745026,-2)
(1025,510,83.745026,-2)
(1031,511,83.745785,-2)
(1036,512,83.746187,-2)
(1042,512,83.746187,-2)
(1048,513,83.747030,-2)
(1054,514,83.747476,-2)
(1060,514,83.747476,-2)
(1066,515,83.748412,-2)
(1072,516,83.748907,-2)
(1078,516,83.748907,-2)
(1084,517,83.749955,-2)
(1090,518,83.750507,-2)
(1096,518,83.750507,-2)
(1102,519,83.751683,-2)
(1108,520,83.752306,-2)
(1114,520,83.752306,-2)
(1120,521,83.753627,-2)
(1126,522,83.754333,-2)
(1132,522,83.754333,-2)
(1138,523,83.755837,-2)
(1144,523,83.755837,-2)
(1150,524,83.757478,-2)
(1156,525,83.758361,-2)
(1162,525,83.758361,-2)
(1168,526,83.760250,-2)
(1174,527,83.761271,-2)
(1180,527,83.761271,-2)
(1186,528,83.763474,-2)
(1192,529,83.764670,-2)
(1198,529,83.764670,-2)
(1204,530,83.767273,-2)
(1210,531,83.768698,-2)
(1216,531,83.768698,-2)
(1222,532,83.771823,-2)
(1227,533,83.773552,-2)
(1233,533,83.773552,-2)
(1239,534,83.777393,-2)
(1245,535,83.779542,-2)
(1251,535,83.779542,-2)
(1257,536,83.784398,-2)
(1263,537,83.787167,-2)
(1269,537,83.787167,-2)
(1275,538,83.793557,-2)
(1281,538,83.793557,-2)
(1287,539,83.801479,-2)
(1293,540,83.806202,-2)
(1299,540,83.806202,-2)
(1305,541,83.817877,-2)
(1311,542,83.825221,-2)
(1317,542,83.825221,-2)
(1323,543,83.825221,-2)
(1323,543,83.825221,-2)
(1329,544,83.825221,-2)
(1335,545,83.825221,-2)
(1341,546,83.825221,-2)
(1347,547,83.825221,-2)
(1353,548,83.825221,-2)
(1359,549,83.825221,-2)
(1365,550,83.825221,-2)
(1371,551,83.825221,-2)
(1377,552,83.825221,-2)
(1383,553,83.825221,-2)
(1389,554,83.825221,-2)
(1395,555,83.825221,-2)
(1401,556,83.825221,-2)
(1407,557,83.825221,-2)
(1413,558,83.825221,-2)
(1419,559,83.825221,-2)
(1425,560,83.825221,-2)
(1431,561,83.825221,-2)
(1437,562,83.825221,-2)
(1443,563,83.825221,-2)
(1449,564,83.825221,-2)
(1455,565,83.825221,-2)
(1461,566,83.825221,-2)
(1467,567,83.825221,-2)
(1473,568,83.825221,-2)
(1479,569,83.825221,-2)
(1485,570,83.825221,-2)
