5,7
(849,-65,299.290634,-2)
(846,-64,299.290634,-2)
(843,-63,299.290634,-2)
(840,-62,299.290634,-2)
(837,-61,299.290634,-2)
(834,-60,299.290634,-2)
(831,-59,299.290634,-2)
(828,-58,299.290634,-2)
(825,-57,299.290634,-2)
(822,-56,299.290634,-2)
(819,-55,299.290634,-2)
(816,-54,299.290634,-2)
(813,-53,299.290634,-2)
(810,-52,299.290634,-2)
(807,-51,299.290634,-2)
(804,-50,299.290634,-2)
(801,-49,299.290634,-2)
(798,-48,299.290634,-2)
(795,-47,299.290634,-2)
(792,-46,299.290634,-2)
(789,-45,299.290634,-2)
(786,-44,299.290634,-2)
(783,-43,299.290634,-2)
(780,-42,299.290634,-2)
(777,-41,299.290634,-2)
(774,-40,299.290634,-2)
(771,-39,299.290634,-2)
(768,-38,299.290634,-2)
(765,-37,299.290634,-2)
(762,-36,299.290634,-2)
(759,-35,299.290634,-2)
(756,-34,299.290634,-2)
(753,-33,299.290634,-2)
(750,-32,299.290634,-2)
(747,-31,299.290634,-2)
(744,-30,299.290634,-2)
(741,-29,299.290634,-2)
(738,-28,299.290634,-2)
(735,-27,299.290634,-2)
(732,-26,299.290634,-2)
(729,-25,299.290634,-2)
(726,-24,299.290634,-2)
(723,-22,299.290634,-2)
(719,-20,299.290024,-2)
(716,-18,299.289536,-2)
(712,-16,299.289093,-2)
(709,-14,299.288727,-2)
(705,-12,299.288391,-2)
(702,-10,299.288101,-2)
(698,-8,299.287842,-2)
(695,-6,299.287598,-2)
(691,-4,299.287399,-2)
(688,-2,299.287201,-2)
(684,-1,299.287033,-2)
(681,0,299.286865,-2)
(677,2,299.286713,-2)
(674,4,299.286575,-2)
(670,6,299.286453,-2)
(667,8,299.286316,-2)
(663,10,299.286209,-2)
(660,12,299.286102,-2)
(656,14,299.286011,-2)
(653,16,299.285904,-2)
(649,18,299.285828,-2)
(646,20,299.285736,-2)
(642,22,299.285660,-2)
(639,24,299.285583,-2)
(635,26,299.285507,-2)
(632,28,299.285446,-2)
(628,30,299.285385,-2)
(625,32,299.285324,-2)
(621,34,299.285263,-2)
(618,36,299.285202,-2)
(614,38,299.285141,-2)
(611,40,299.285095,-2)
(607,42,299.285049,-2)
(604,44,299.285004,-2)
(600,45,299.284958,-2)
(597,47,299.284912,-2)
(593,49,299.284866,-2)
(590,51,299.284821,-2)
(586,53,299.284790,-2)
(583,55,299.284744,-2)
(579,57,299.284714,-2)
(576,59,299.284668,-2)
(572,61,299.284637,-2)
(569,63,299.284607,-2)
(565,65,299.284576,-2)
(562,67,299.284546,-2)
(558,69,299.284515,-2)
(555,71,299.284485,-2)
(551,73,299.284470,-2)
(548,75,299.284439,-2)
(544,77,299.284409,-2)
(541,79,299.284393,-2)
(537,81,299.284363,-2)
(534,83,299.284348,-2)
(531,85,299.284317,-2)
(527,87,299.284286,-2)
(524,89,299.284271,-2)
(520,91,299.284256,-2)
(517,92,299.284241,-2)
(513,94,299.284210,-2)
(510,96,299.284195,-2)
(506,98,299.284180,-2)
(503,100,299.284164,-2)
(499,102,299.284134,-2)
(496,104,299.284119,-2)
(492,106,299.284103,-2)
(489,108,299.284088,-2)
(485,110,299.284073,-2)
(482,112,299.284058,-2)
(478,114,299.284058,-2)
(475,116,299.284027,-2)
(471,118,299.284012,-2)
(468,120,299.284012,-2)
(464,122,299.283997,-2)
(461,124,299.283981,-2)
(457,126,299.283981,-2)
(454,128,299.283966,-2)
(450,130,299.283951,-2)
(447,132,299.283936,-2)
(443,134,299.283936,-2)
(440,136,299.283920,-2)
(436,137,299.283905,-2)
(433,139,299.283905,-2)
(429,141,299.283890,-2)
(426,143,299.283890,-2)
(422,145,299.283875,-2)
(419,147,299.283875,-2)
(415,149,299.283859,-2)
(412,151,299.283859,-2)
(408,153,299.283844,-2)
(405,155,299.283829,-2)
(401,157,299.283829,-2)
(398,159,299.283829,-2)
(394,161,299.283829,-2)
(391,163,299.283813,-2)
(387,165,299.283813,-2)
(384,167,299.283798,-2)
(380,169,299.283798,-2)
(377,171,299.283798,-2)
(373,173,299.283798,-2)
(370,175,299.283798,-2)
(366,177,299.283783,-2)
(363,179,299.283783,-2)
(359,181,299.283783,-2)
(356,183,299.283768,-2)
(353,184,299.283768,-2)
(349,186,299.283768,-2)
(346,188,299.283768,-2)
(342,190,299.283768,-2)
(339,192,299.283768,-2)
(335,194,299.283752,-2)
(332,196,299.283752,-2)
(328,198,299.283752,-2)
(325,200,299.283752,-2)
(321,202,299.283752,-2)
(318,204,299.283752,-2)
(314,206,299.283752,-2)
(311,208,299.283752,-2)
(307,210,299.283752,-2)
(304,212,299.283752,-2)
(300,214,299.283752,-2)
(297,216,299.283752,-2)
(293,218,299.283752,-2)
(290,220,299.283768,-2)
(286,222,299.283768,-2)
(283,224,299.283768,-2)
(279,226,299.283768,-2)
(276,228,299.283768,-2)
(272,229,299.283783,-2)
(269,231,299.283783,-2)
(265,233,299.283783,-2)
(262,235,299.283783,-2)
(258,237,299.283798,-2)
(255,239,299.283798,-2)
(251,241,299.283798,-2)
(248,243,299.283798,-2)
(244,245,299.283813,-2)
(241,247,299.283813,-2)
(237,249,299.283813,-2)
(234,251,299.283829,-2)
(230,253,299.283829,-2)
(227,255,299.283844,-2)
(223,257,299.283844,-2)
(220,259,299.283844,-2)
(216,261,299.283859,-2)
(213,263,299.283859,-2)
(209,265,299.283875,-2)
(206,267,299.283875,-2)
(202,269,299.283890,-2)
(199,271,299.283890,-2)
(195,273,299.283905,-2)
(192,275,299.283920,-2)
(188,276,299.283920,-2)
(185,278,299.283936,-2)
(181,280,299.283951,-2)
(178,282,299.283951,-2)
(174,284,299.283966,-2)
(171,286,299.283981,-2)
(168,288,299.283981,-2)
(164,290,299.284012,-2)
(161,292,299.284012,-2)
(157,294,299.284027,-2)
(154,296,299.284042,-2)
(150,298,299.284058,-2)
(147,300,299.284073,-2)
(143,302,299.284088,-2)
(140,304,299.284103,-2)
(136,306,299.284119,-2)
(133,308,299.284134,-2)
(129,310,299.284149,-2)
(126,312,299.284164,-2)
(122,314,299.284180,-2)
(119,316,299.284210,-2)
(115,318,299.284210,-2)
(112,320,299.284241,-2)
(108,321,299.284256,-2)
(105,323,299.284286,-2)
(101,325,299.284302,-2)
(98,327,299.284332,-2)
(94,329,299.284348,-2)
(91,331,299.284378,-2)
(87,333,299.284393,-2)
(84,335,299.284424,-2)
(80,337,299.284439,-2)
(77,339,299.284470,-2)
(73,341,299.284500,-2)
(70,343,299.284531,-2)
(66,345,299.284561,-2)
(63,347,299.284592,-2)
(59,349,299.284622,-2)
(56,351,299.284668,-2)
(52,353,299.284698,-2)
(49,355,299.284729,-2)
(45,357,299.284775,-2)
(42,359,299.284805,-2)
(38,361,299.284851,-2)
(35,363,299.284882,-2)
(31,365,299.284927,-2)
(28,367,299.284973,-2)
(24,368,299.285019,-2)
(21,370,299.285065,-2)
(17,372,299.285126,-2)
(14,374,299.285172,-2)
(10,376,299.285233,-2)
(7,378,299.285294,-2)
(3,380,299.285355,-2)
(0,382,299.285416,-2)
(-3,384,299.285477,-2)
(-6,386,299.285553,-2)
(-9,388,299.285629,-2)
(-13,390,299.285706,-2)
(-16,392,299.285782,-2)
(-20,394,299.285873,-2)
(-23,396,299.285965,-2)
(-27,398,299.286057,-2)
(-30,400,299.286163,-2)
(-34,402,299.286270,-2)
(-37,404,299.286377,-2)
(-41,406,299.286514,-2)
(-44,408,299.286636,-2)
(-48,410,299.286789,-2)
(-51,412,299.286942,-2)
(-55,413,299.287109,-2)
(-58,415,299.287308,-2)
(-62,417,299.287506,-2)
(-65,419,299.287720,-2)
(-69,421,299.287964,-2)
(-72,423,299.288239,-2)
(-76,425,299.288544,-2)
(-79,427,299.288895,-2)
(-83,429,299.289291,-2)
(-86,431,299.289764,-2)
(-90,433,299.290314,-2)
(-93,435,299.290970,-2)
(-96,436,299.290970,-2)
(-96,436,299.290970,-2)
(-99,437,299.290970,-2)
(-102,438,299.290970,-2)
(-105,439,299.290970,-2)
(-108,440,299.290970,-2)
(-111,441,299.290970,-2)
(-114,442,299.290970,-2)
(-117,443,299.290970,-2)
(-120,444,299.290970,-2)
(-123,445,299.290970,-2)
(-126,446,299.290970,-2)
(-129,447,299.290970,-2)
(-132,448,299.290970,-2)
(-135,449,299.290970,-2)
(-138,450,299.290970,-2)
(-141,451,299.290970,-2)
(-144,452,299.290970,-2)
(-147,453,299.290970,-2)
(-150,454,299.290970,-2)
(-153,455,299.290970,-2)
(-156,456,299.290970,-2)
(-159,457,299.290970,-2)
(-162,458,299.290970,-2)
(-165,459,299.290970,-2)
(-168,460,299.290970,-2)
(-171,461,299.290970,-2)
(-174,462,299.290970,-2)
(-177,463,299.290970,-2)
(-180,464,299.290970,-2)
(-183,465,299.290970,-2)
(-186,466,299.290970,-2)
(-189,467,299.290970,-2)
(-192,468,299.290970,-2)
(-195,469,299.290970,-2)
(-198,470,299.290970,-2)
(-201,471,299.290970,-2)
(-204,472,299.290970,-2)
(-207,473,299.290970,-2)
(-210,474,299.290970,-2)
(-213,475,299.290970,-2)
(-216,476,299.290970,-2)
