5,7
(874,813,236.743576,-2)
(870,810,236.743576,-2)
(866,807,236.743576,-2)
(862,804,236.743576,-2)
(858,801,236.743576,-2)
(854,798,236.743576,-2)
(850,795,236.743576,-2)
(846,792,236.743576,-2)
(842,789,236.743576,-2)
(838,786,236.743576,-2)
(834,783,236.743576,-2)
(830,780,236.743576,-2)
(826,777,236.743576,-2)
(822,774,236.743576,-2)
(818,771,236.743576,-2)
(814,768,236.743576,-2)
(810,765,236.743576,-2)
(806,762,236.743576,-2)
(802,759,236.743576,-2)
(798,756,236.743576,-2)
(794,753,236.743576,-2)
(790,750,236.743576,-2)
(786,747,236.743576,-2)
(782,744,236.743576,-2)
(778,741,236.743576,-2)
(774,738,236.743576,-2)
(770,735,236.743576,-2)
(766,732,236.743576,-2)
(761,729,236.743576,-2)
(756,725,236.741989,-2)
(751,722,236.740707,-2)
(746,719,236.739639,-2)
(741,716,236.738754,-2)
(736,712,236.737946,-2)
(731,709,236.737244,-2)
(726,706,236.736633,-2)
(721,702,236.736069,-2)
(716,699,236.735550,-2)
(711,696,236.735077,-2)
(706,692,236.734650,-2)
(701,689,236.734222,-2)
(696,686,236.733841,-2)
(691,683,236.733490,-2)
(686,679,236.733154,-2)
(681,676,236.732819,-2)
(676,673,236.732513,-2)
(671,669,236.732224,-2)
(666,666,236.731949,-2)
(661,663,236.731674,-2)
(656,660,236.731415,-2)
(651,656,236.731155,-2)
(646,653,236.730927,-2)
(640,650,236.730682,-2)
(635,646,236.730453,-2)
(630,643,236.730240,-2)
(625,640,236.730026,-2)
(620,636,236.729813,-2)
(615,633,236.729599,-2)
(610,630,236.729401,-2)
(605,627,236.729202,-2)
(600,623,236.729004,-2)
(595,620,236.728806,-2)
(590,617,236.728622,-2)
(585,613,236.728439,-2)
(580,610,236.728241,-2)
(575,607,236.728058,-2)
(570,604,236.727890,-2)
(565,600,236.727707,-2)
(560,597,236.727524,-2)
(555,594,236.727356,-2)
(550,590,236.727188,-2)
(545,587,236.727020,-2)
(540,584,236.726837,-2)
(535,581,236.726669,-2)
(530,577,236.726501,-2)
(525,574,236.726334,-2)
(520,571,236.726166,-2)
(515,567,236.726013,-2)
(510,564,236.725845,-2)
(505,561,236.725677,-2)
(500,557,236.725510,-2)
(495,554,236.725342,-2)
(490,551,236.725174,-2)
(485,548,236.725021,-2)
(480,544,236.724854,-2)
(475,541,236.724686,-2)
(470,538,236.724518,-2)
(465,534,236.724350,-2)
(460,531,236.724182,-2)
(455,528,236.724030,-2)
(450,525,236.723862,-2)
(445,521,236.723694,-2)
(440,518,236.723526,-2)
(435,515,236.723358,-2)
(430,511,236.723190,-2)
(425,508,236.723022,-2)
(420,505,236.722855,-2)
(415,501,236.722672,-2)
(410,498,236.722504,-2)
(405,495,236.722321,-2)
(400,492,236.722153,-2)
(395,488,236.721970,-2)
(390,485,236.721802,-2)
(385,482,236.721619,-2)
(380,478,236.721436,-2)
(374,475,236.721252,-2)
(369,472,236.721069,-2)
(364,469,236.720886,-2)
(359,465,236.720688,-2)
(354,462,236.720505,-2)
(349,459,236.720306,-2)
(344,455,236.720108,-2)
(339,452,236.719910,-2)
(334,449,236.719711,-2)
(329,445,236.719513,-2)
(324,442,236.719315,-2)
(319,439,236.719101,-2)
(314,436,236.718887,-2)
(309,432,236.718674,-2)
(304,429,236.718460,-2)
(299,426,236.718246,-2)
(294,422,236.718018,-2)
(289,419,236.717804,-2)
(284,416,236.717560,-2)
(279,413,236.717331,-2)
(274,409,236.717102,-2)
(269,406,236.716858,-2)
(264,403,236.716614,-2)
(259,399,236.716354,-2)
(254,396,236.716110,-2)
(249,393,236.715851,-2)
(244,389,236.715576,-2)
(239,386,236.715317,-2)
(234,383,236.715042,-2)
(229,380,236.714752,-2)
(224,376,236.714478,-2)
(219,373,236.714172,-2)
(214,370,236.713882,-2)
(209,366,236.713577,-2)
(204,363,236.713257,-2)
(199,360,236.712936,-2)
(194,357,236.712616,-2)
(189,353,236.712280,-2)
(184,350,236.711929,-2)
(179,347,236.711578,-2)
(174,343,236.711212,-2)
(169,340,236.710831,-2)
(164,337,236.710449,-2)
(159,333,236.710052,-2)
(154,330,236.709641,-2)
(149,327,236.709229,-2)
(144,324,236.708801,-2)
(139,320,236.708344,-2)
(134,317,236.707886,-2)
(129,314,236.707413,-2)
(124,310,236.706909,-2)
(119,307,236.706406,-2)
(114,304,236.705856,-2)
(109,300,236.705322,-2)
(104,297,236.704742,-2)
(98,294,236.704147,-2)
(93,291,236.703522,-2)
(88,287,236.702866,-2)
(83,284,236.702194,-2)
(78,281,236.701492,-2)
(73,277,236.700745,-2)
(68,274,236.699951,-2)
(63,271,236.699142,-2)
(58,268,236.698273,-2)
(53,264,236.697357,-2)
(48,261,236.696381,-2)
(43,258,236.695358,-2)
(38,254,236.694260,-2)
(33,251,236.693100,-2)
(28,248,236.691849,-2)
(23,244,236.690521,-2)
(18,241,236.689072,-2)
(13,238,236.687515,-2)
(8,235,236.685806,-2)
(3,231,236.683960,-2)
(-1,228,236.681915,-2)
(-6,225,236.679657,-2)
(-11,221,236.677139,-2)
(-16,218,236.674301,-2)
(-21,215,236.671097,-2)
(-26,211,236.667389,-2)
(-31,208,236.663071,-2)
(-36,205,236.657944,-2)
(-41,202,236.651688,-2)
(-46,198,236.643860,-2)
(-51,195,236.643860,-2)
(-52,195,236.643860,-2)
(-55,192,236.643860,-2)
(-59,189,236.643860,-2)
(-63,186,236.643860,-2)
(-67,183,236.643860,-2)
(-71,180,236.643860,-2)
(-75,177,236.643860,-2)
(-79,174,236.643860,-2)
(-83,171,236.643860,-2)
(-87,168,236.643860,-2)
(-91,165,236.643860,-2)
(-95,162,236.643860,-2)
(-99,159,236.643860,-2)
(-103,156,236.643860,-2)
(-107,153,236.643860,-2)
(-111,150,236.643860,-2)
(-115,147,236.643860,-2)
(-119,144,236.643860,-2)
(-123,141,236.643860,-2)
(-127,138,236.643860,-2)
(-131,135,236.643860,-2)
(-135,132,236.643860,-2)
(-139,129,236.643860,-2)
(-143,126,236.643860,-2)
(-147,123,236.643860,-2)
(-151,120,236.643860,-2)
(-155,117,236.643860,-2)
(-159,114,236.643860,-2)
