5,7
(273,-73,66.473845,-2)
(279,-71,66.473845,-2)
(285,-69,66.473845,-2)
(291,-67,66.473845,-2)
(297,-65,66.473845,-2)
(303,-63,66.473845,-2)
(309,-61,66.473845,-2)
(315,-59,66.473845,-2)
(321,-57,66.473845,-2)
(327,-55,66.473845,-2)
(333,-53,66.473845,-2)
(339,-51,66.473845,-2)
(345,-49,66.473845,-2)
(351,-47,66.473845,-2)
(357,-45,66.473845,-2)
(363,-43,66.473845,-2)
(369,-41,66.473845,-2)
(375,-39,66.473845,-2)
(381,-37,66.473845,-2)
(387,-35,66.473845,-2)
(393,-33,66.473845,-2)
(399,-31,66.473845,-2)
(405,-29,66.473845,-2)
(411,-27,66.473845,-2)
(417,-25,66.473845,-2)
(423,-23,66.473845,-2)
(429,-21,66.473845,-2)
(435,-19,66.473845,-2)
(441,-17,66.473845,-2)
(446,-14,66.452711,-2)
(452,-12,66.435879,-2)
(457,-9,66.422066,-2)
(463,-7,66.410471,-2)
(468,-5,66.400576,-2)
(474,-2,66.392004,-2)
(479,0,66.384481,-2)
(485,2,66.377825,-2)
(490,4,66.371878,-2)
(496,6,66.366531,-2)
(501,9,66.361685,-2)
(507,11,66.357279,-2)
(512,14,66.353243,-2)
(518,16,66.349537,-2)
(523,19,66.346119,-2)
(529,21,66.342953,-2)
(534,23,66.340014,-2)
(540,26,66.337276,-2)
(545,28,66.334719,-2)
(551,31,66.332327,-2)
(556,33,66.330080,-2)
(562,35,66.327971,-2)
(567,38,66.325983,-2)
(573,40,66.324116,-2)
(578,43,66.322346,-2)
(584,45,66.320667,-2)
(589,47,66.319082,-2)
(595,50,66.317581,-2)
(600,52,66.316153,-2)
(606,55,66.314796,-2)
(611,57,66.313505,-2)
(617,60,66.312279,-2)
(622,62,66.311108,-2)
(628,64,66.309994,-2)
(633,67,66.308931,-2)
(639,69,66.307913,-2)
(644,72,66.306944,-2)
(650,74,66.306019,-2)
(655,76,66.305130,-2)
(661,79,66.304285,-2)
(666,81,66.303474,-2)
(672,84,66.302702,-2)
(677,86,66.301958,-2)
(683,88,66.301249,-2)
(688,91,66.300573,-2)
(694,93,66.299923,-2)
(699,96,66.299303,-2)
(705,98,66.298708,-2)
(710,101,66.298140,-2)
(716,103,66.297596,-2)
(721,105,66.297077,-2)
(727,108,66.296577,-2)
(732,110,66.296104,-2)
(738,113,66.295652,-2)
(743,115,66.295223,-2)
(749,117,66.294811,-2)
(754,120,66.294418,-2)
(760,122,66.294046,-2)
(765,125,66.293692,-2)
(771,127,66.293358,-2)
(776,130,66.293037,-2)
(782,132,66.292732,-2)
(787,134,66.292450,-2)
(793,137,66.292183,-2)
(798,139,66.291931,-2)
(804,142,66.291695,-2)
(809,144,66.291473,-2)
(815,146,66.291265,-2)
(820,149,66.291073,-2)
(826,151,66.290899,-2)
(831,154,66.290737,-2)
(837,156,66.290588,-2)
(842,159,66.290455,-2)
(848,161,66.290331,-2)
(853,163,66.290228,-2)
(859,166,66.290133,-2)
(864,168,66.290052,-2)
(870,171,66.289986,-2)
(875,173,66.289934,-2)
(881,175,66.289892,-2)
(886,178,66.289869,-2)
(892,180,66.289858,-2)
(897,183,66.289856,-2)
(903,185,66.289869,-2)
(908,188,66.289892,-2)
(914,190,66.289934,-2)
(919,192,66.289989,-2)
(925,195,66.290056,-2)
(930,197,66.290136,-2)
(936,200,66.290228,-2)
(941,202,66.290333,-2)
(947,204,66.290455,-2)
(952,207,66.290588,-2)
(958,209,66.290739,-2)
(963,212,66.290897,-2)
(969,214,66.291075,-2)
(974,217,66.291267,-2)
(980,219,66.291473,-2)
(985,221,66.291695,-2)
(991,224,66.291931,-2)
(996,226,66.292183,-2)
(1002,229,66.292456,-2)
(1007,231,66.292740,-2)
(1013,233,66.293041,-2)
(1018,236,66.293360,-2)
(1024,238,66.293694,-2)
(1029,241,66.294048,-2)
(1035,243,66.294422,-2)
(1040,246,66.294815,-2)
(1046,248,66.295225,-2)
(1051,250,66.295656,-2)
(1057,253,66.296114,-2)
(1062,255,66.296585,-2)
(1068,258,66.297081,-2)
(1073,260,66.297602,-2)
(1079,262,66.298145,-2)
(1084,265,66.298712,-2)
(1090,267,66.299305,-2)
(1095,270,66.299931,-2)
(1101,272,66.300577,-2)
(1106,275,66.301256,-2)
(1112,277,66.301966,-2)
(1117,279,66.302706,-2)
(1123,282,66.303480,-2)
(1128,284,66.304293,-2)
(1134,287,66.305140,-2)
(1139,289,66.306019,-2)
(1145,291,66.306952,-2)
(1150,294,66.307919,-2)
(1156,296,66.308933,-2)
(1161,299,66.309999,-2)
(1167,301,66.311117,-2)
(1172,303,66.312284,-2)
(1178,306,66.313515,-2)
(1183,308,66.314804,-2)
(1189,311,66.316160,-2)
(1194,313,66.317585,-2)
(1200,316,66.319094,-2)
(1205,318,66.320679,-2)
(1211,320,66.322355,-2)
(1216,323,66.324120,-2)
(1222,325,66.325998,-2)
(1227,328,66.327986,-2)
(1233,330,66.330095,-2)
(1238,332,66.332340,-2)
(1244,335,66.334728,-2)
(1249,337,66.337290,-2)
(1255,340,66.340027,-2)
(1260,342,66.342966,-2)
(1266,345,66.346130,-2)
(1271,347,66.349552,-2)
(1277,349,66.353258,-2)
(1282,352,66.357296,-2)
(1288,354,66.361698,-2)
(1293,357,66.366547,-2)
(1299,359,66.371893,-2)
(1304,361,66.377846,-2)
(1310,364,66.384506,-2)
(1315,366,66.392021,-2)
(1321,369,66.400599,-2)
(1326,371,66.410501,-2)
(1332,373,66.422083,-2)
(1337,376,66.435898,-2)
(1343,378,66.452728,-2)
(1348,381,66.473858,-2)
(1354,383,66.473858,-2)
(1354,383,66.473858,-2)
(1360,385,66.473858,-2)
(1366,387,66.473858,-2)
(1372,389,66.473858,-2)
(1378,391,66.473858,-2)
(1384,393,66.473858,-2)
(1390,395,66.473858,-2)
(1396,397,66.473858,-2)
(1402,399,66.473858,-2)
(1408,401,66.473858,-2)
(1414,403,66.473858,-2)
(1420,405,66.473858,-2)
(1426,407,66.473858,-2)
(1432,409,66.473858,-2)
(1438,411,66.473858,-2)
(1444,413,66.473858,-2)
(1450,415,66.473858,-2)
(1456,417,66.473858,-2)
(1462,419,66.473858,-2)
(1468,421,66.473858,-2)
(1474,423,66.473858,-2)
(1480,425,66.473858,-2)
(1486,427,66.473858,-2)
(1492,429,66.473858,-2)
(1498,431,66.473858,-2)
(1504,433,66.473858,-2)
(1510,435,66.473858,-2)
(1516,437,66.473858,-2)
