5,7
(-215,735,113.442720,-2)
(-211,733,113.442720,-2)
(-207,731,113.442720,-2)
(-203,729,113.442720,-2)
(-199,727,113.442720,-2)
(-195,725,113.442720,-2)
(-191,723,113.442720,-2)
(-187,721,113.442720,-2)
(-183,719,113.442720,-2)
(-179,717,113.442720,-2)
(-175,715,113.442720,-2)
(-171,713,113.442720,-2)
(-167,711,113.442720,-2)
(-163,709,113.442720,-2)
(-159,707,113.442720,-2)
(-155,705,113.442720,-2)
(-151,703,113.442720,-2)
(-147,701,113.442720,-2)
(-143,699,113.442720,-2)
(-139,697,113.442720,-2)
(-135,695,113.442720,-2)
(-131,693,113.442720,-2)
(-127,691,113.442720,-2)
(-123,689,113.442720,-2)
(-119,687,113.442720,-2)
(-115,685,113.442720,-2)
(-111,683,113.442720,-2)
(-107,681,113.442720,-2)
(-103,679,113.442720,-2)
(-99,677,113.442720,-2)
(-95,675,113.442720,-2)
(-91,673,113.442720,-2)
(-87,671,113.442720,-2)
(-83,669,113.442720,-2)
(-79,667,113.442720,-2)
(-75,665,113.442720,-2)
(-71,663,113.442720,-2)
(-67,661,113.442720,-2)
(-63,659,113.442720,-2)
(-59,657,113.442720,-2)
(-55,655,113.442720,-2)
(-51,653,113.442720,-2)
(-47,651,113.442720,-2)
(-44,650,113.455057,-2)
(-40,648,113.466015,-2)
(-36,647,113.475851,-2)
(-33,645,113.484718,-2)
(-29,643,113.492783,-2)
(-25,642,113.500149,-2)
(-22,640,113.506922,-2)
(-18,639,113.513170,-2)
(-14,637,113.518967,-2)
(-11,635,113.524349,-2)
(-7,634,113.529377,-2)
(-3,632,113.534084,-2)
(0,631,113.538496,-2)
(3,629,113.542652,-2)
(7,627,113.546577,-2)
(10,626,113.550285,-2)
(14,624,113.553789,-2)
(18,623,113.557121,-2)
(21,621,113.560289,-2)
(25,619,113.563311,-2)
(29,618,113.566183,-2)
(32,616,113.568930,-2)
(36,615,113.571562,-2)
(40,613,113.574072,-2)
(43,611,113.576488,-2)
(47,610,113.578804,-2)
(51,608,113.581032,-2)
(54,607,113.583170,-2)
(58,605,113.585228,-2)
(62,603,113.587217,-2)
(65,602,113.589130,-2)
(69,600,113.590982,-2)
(73,599,113.592770,-2)
(76,597,113.594500,-2)
(80,595,113.596167,-2)
(84,594,113.597790,-2)
(87,592,113.599358,-2)
(91,591,113.600874,-2)
(95,589,113.602350,-2)
(98,587,113.603785,-2)
(102,586,113.605177,-2)
(106,584,113.606531,-2)
(109,583,113.607841,-2)
(113,581,113.609121,-2)
(117,579,113.610367,-2)
(120,578,113.611580,-2)
(124,576,113.612761,-2)
(128,575,113.613907,-2)
(131,573,113.615030,-2)
(135,571,113.616125,-2)
(139,570,113.617195,-2)
(142,568,113.618237,-2)
(146,567,113.619255,-2)
(150,565,113.620253,-2)
(153,563,113.621220,-2)
(157,562,113.622173,-2)
(161,560,113.623098,-2)
(164,559,113.624010,-2)
(168,557,113.624901,-2)
(172,555,113.625772,-2)
(175,554,113.626625,-2)
(179,552,113.627457,-2)
(183,551,113.628277,-2)
(186,549,113.629080,-2)
(190,547,113.629866,-2)
(194,546,113.630630,-2)
(197,544,113.631390,-2)
(201,543,113.632132,-2)
(205,541,113.632858,-2)
(208,539,113.633574,-2)
(212,538,113.634274,-2)
(216,536,113.634960,-2)
(219,535,113.635633,-2)
(223,533,113.636297,-2)
(227,531,113.636951,-2)
(230,530,113.637589,-2)
(234,528,113.638222,-2)
(238,526,113.638836,-2)
(241,525,113.639446,-2)
(245,523,113.640041,-2)
(249,522,113.640627,-2)
(252,520,113.641209,-2)
(256,518,113.641775,-2)
(260,517,113.642336,-2)
(263,515,113.642887,-2)
(267,514,113.643431,-2)
(271,512,113.643963,-2)
(274,510,113.644487,-2)
(278,509,113.645006,-2)
(282,507,113.645517,-2)
(285,506,113.646019,-2)
(289,504,113.646517,-2)
(293,502,113.647001,-2)
(296,501,113.647480,-2)
(300,499,113.647953,-2)
(304,498,113.648422,-2)
(307,496,113.648884,-2)
(311,494,113.649338,-2)
(315,493,113.649784,-2)
(318,491,113.650225,-2)
(322,490,113.650660,-2)
(326,488,113.651087,-2)
(329,486,113.651510,-2)
(333,485,113.651928,-2)
(337,483,113.652340,-2)
(340,482,113.652746,-2)
(344,480,113.653149,-2)
(348,478,113.653543,-2)
(351,477,113.653934,-2)
(355,475,113.654322,-2)
(359,474,113.654701,-2)
(362,472,113.655079,-2)
(366,470,113.655451,-2)
(370,469,113.655817,-2)
(373,467,113.656178,-2)
(377,465,113.656536,-2)
(381,464,113.656887,-2)
(384,462,113.657240,-2)
(388,461,113.657583,-2)
(392,459,113.657927,-2)
(395,457,113.658260,-2)
(399,456,113.658594,-2)
(403,454,113.658924,-2)
(406,453,113.659248,-2)
(410,451,113.659569,-2)
(414,449,113.659885,-2)
(417,448,113.660200,-2)
(421,446,113.660511,-2)
(425,445,113.660816,-2)
(428,443,113.661121,-2)
(432,441,113.661419,-2)
(436,440,113.661718,-2)
(439,438,113.662010,-2)
(443,437,113.662298,-2)
(447,435,113.662590,-2)
(450,433,113.662872,-2)
(454,432,113.663153,-2)
(458,430,113.663431,-2)
(461,429,113.663704,-2)
(465,427,113.663977,-2)
(469,425,113.664244,-2)
(472,424,113.664511,-2)
(476,422,113.664776,-2)
(480,421,113.665037,-2)
(483,419,113.665295,-2)
(487,417,113.665550,-2)
(491,416,113.665802,-2)
(494,414,113.666048,-2)
(498,412,113.666298,-2)
(502,411,113.666544,-2)
(505,409,113.666784,-2)
(509,408,113.667025,-2)
(513,406,113.667265,-2)
(516,404,113.667498,-2)
(520,403,113.667728,-2)
(524,401,113.667959,-2)
(527,400,113.668190,-2)
(531,398,113.668413,-2)
(535,396,113.668638,-2)
(538,395,113.668858,-2)
(542,393,113.669079,-2)
(546,392,113.669294,-2)
(549,390,113.669512,-2)
(553,388,113.669722,-2)
(557,387,113.669933,-2)
(560,385,113.670143,-2)
(564,384,113.670349,-2)
(568,382,113.670553,-2)
(571,380,113.670757,-2)
(575,379,113.670956,-2)
(579,377,113.671158,-2)
(582,376,113.671354,-2)
(586,374,113.671547,-2)
(590,372,113.671741,-2)
(593,371,113.671934,-2)
(597,369,113.672125,-2)
(601,367,113.672312,-2)
(604,366,113.672501,-2)
(608,364,113.672682,-2)
(612,363,113.672865,-2)
(615,361,113.673044,-2)
(619,359,113.673225,-2)
(623,358,113.673403,-2)
(626,356,113.673578,-2)
(630,355,113.673752,-2)
(634,353,113.673923,-2)
(637,351,113.674097,-2)
(641,350,113.674265,-2)
(645,348,113.674433,-2)
(648,347,113.674599,-2)
(652,345,113.674765,-2)
(656,343,113.674929,-2)
(659,342,113.675087,-2)
(663,340,113.675247,-2)
(667,339,113.675407,-2)
(670,337,113.675566,-2)
(674,335,113.675718,-2)
(678,334,113.675875,-2)
(681,332,113.676025,-2)
(685,331,113.676176,-2)
(689,329,113.676327,-2)
(692,327,113.676479,-2)
(696,326,113.676624,-2)
(700,324,113.676767,-2)
(703,322,113.676914,-2)
(707,321,113.677055,-2)
(711,319,113.677197,-2)
(714,318,113.677338,-2)
(718,316,113.677479,-2)
(722,314,113.677616,-2)
(725,313,113.677750,-2)
(729,311,113.677887,-2)
(733,310,113.678020,-2)
(736,308,113.678150,-2)
(740,306,113.678282,-2)
(744,305,113.678411,-2)
(747,303,113.678541,-2)
(751,302,113.678667,-2)
(755,300,113.678795,-2)
(758,298,113.678919,-2)
(762,297,113.679043,-2)
(766,295,113.679165,-2)
(769,294,113.679285,-2)
(773,292,113.679405,-2)
(777,290,113.679523,-2)
(780,289,113.679642,-2)
(784,287,113.679756,-2)
(788,286,113.679871,-2)
(791,284,113.679985,-2)
(795,282,113.680098,-2)
(799,281,113.680208,-2)
(802,279,113.680317,-2)
(806,277,113.680424,-2)
(810,276,113.680534,-2)
(813,274,113.680641,-2)
(817,273,113.680746,-2)
(821,271,113.680849,-2)
(824,269,113.680954,-2)
(828,268,113.681055,-2)
(832,266,113.681156,-2)
(835,265,113.681255,-2)
(839,263,113.681353,-2)
(843,261,113.681450,-2)
(846,260,113.681543,-2)
(850,258,113.681639,-2)
(854,257,113.681734,-2)
(857,255,113.681826,-2)
(861,253,113.681915,-2)
(865,252,113.682005,-2)
(868,250,113.682095,-2)
(872,249,113.682182,-2)
(876,247,113.682268,-2)
(879,245,113.682354,-2)
(883,244,113.682440,-2)
(887,242,113.682520,-2)
(890,241,113.682602,-2)
(894,239,113.682680,-2)
(898,237,113.682760,-2)
(901,236,113.682837,-2)
(905,234,113.682917,-2)
(909,232,113.682989,-2)
(912,231,113.683065,-2)
(916,229,113.683138,-2)
(920,228,113.683210,-2)
(923,226,113.683279,-2)
(927,224,113.683350,-2)
(931,223,113.683416,-2)
(934,221,113.683485,-2)
(938,220,113.683552,-2)
(942,218,113.683613,-2)
(945,216,113.683678,-2)
(949,215,113.683739,-2)
(953,213,113.683798,-2)
(956,212,113.683857,-2)
(960,210,113.683912,-2)
(964,208,113.683969,-2)
(967,207,113.684027,-2)
(971,205,113.684076,-2)
(975,204,113.684128,-2)
(978,202,113.684177,-2)
(982,200,113.684229,-2)
(986,199,113.684277,-2)
(989,197,113.684322,-2)
(993,196,113.684370,-2)
(997,194,113.684414,-2)
(1000,192,113.684452,-2)
(1004,191,113.684492,-2)
(1008,189,113.684532,-2)
(1011,187,113.684568,-2)
(1015,186,113.684603,-2)
(1019,184,113.684637,-2)
(1022,183,113.684671,-2)
(1026,181,113.684700,-2)
(1030,179,113.684731,-2)
(1033,178,113.684757,-2)
(1037,176,113.684782,-2)
(1040,175,113.684807,-2)
(1044,173,113.684830,-2)
(1048,171,113.684851,-2)
(1051,170,113.684866,-2)
(1055,168,113.684883,-2)
(1059,167,113.684895,-2)
(1062,165,113.684908,-2)
(1066,163,113.684917,-2)
(1070,162,113.684925,-2)
(1073,160,113.684931,-2)
(1077,159,113.684937,-2)
(1081,157,113.684940,-2)
(1084,155,113.684937,-2)
(1088,154,113.684929,-2)
(1092,152,113.684925,-2)
(1095,150,113.684917,-2)
(1099,149,113.684906,-2)
(1103,147,113.684893,-2)
(1106,146,113.684877,-2)
(1110,144,113.684858,-2)
(1114,142,113.684841,-2)
(1117,141,113.684811,-2)
(1121,139,113.684786,-2)
(1125,138,113.684753,-2)
(1128,136,113.684717,-2)
(1132,134,113.684683,-2)
(1136,133,113.684641,-2)
(1139,131,113.684599,-2)
(1143,130,113.684549,-2)
(1147,128,113.684502,-2)
(1150,126,113.684446,-2)
(1154,125,113.684389,-2)
(1158,123,113.684320,-2)
(1161,122,113.684256,-2)
(1165,120,113.684185,-2)
(1169,118,113.684109,-2)
(1172,117,113.684027,-2)
(1176,115,113.683943,-2)
(1180,114,113.683849,-2)
(1183,112,113.683754,-2)
(1187,110,113.683651,-2)
(1191,109,113.683542,-2)
(1194,107,113.683426,-2)
(1198,105,113.683310,-2)
(1202,104,113.683180,-2)
(1205,102,113.683048,-2)
(1209,101,113.682901,-2)
(1213,99,113.682755,-2)
(1216,97,113.682596,-2)
(1220,96,113.682430,-2)
(1224,94,113.682255,-2)
(1227,93,113.682070,-2)
(1231,91,113.681877,-2)
(1235,89,113.681671,-2)
(1238,88,113.681456,-2)
(1242,86,113.681229,-2)
(1246,85,113.680988,-2)
(1249,83,113.680735,-2)
(1253,81,113.680466,-2)
(1257,80,113.680182,-2)
(1260,78,113.679886,-2)
(1264,77,113.679560,-2)
(1268,75,113.679232,-2)
(1271,73,113.678873,-2)
(1275,72,113.678492,-2)
(1279,70,113.678093,-2)
(1282,69,113.677666,-2)
(1286,67,113.677212,-2)
(1290,65,113.676725,-2)
(1293,64,113.676210,-2)
(1297,62,113.675655,-2)
(1301,60,113.675058,-2)
(1304,59,113.674419,-2)
(1308,57,113.673735,-2)
(1312,56,113.672997,-2)
(1315,54,113.672192,-2)
(1319,52,113.671318,-2)
(1323,51,113.670374,-2)
(1326,49,113.669336,-2)
(1330,48,113.668200,-2)
(1334,46,113.666945,-2)
(1337,44,113.665552,-2)
(1341,43,113.663994,-2)
(1345,41,113.662249,-2)
(1348,40,113.660273,-2)
(1352,38,113.660273,-2)
(1352,38,113.660273,-2)
(1356,36,113.660273,-2)
(1360,34,113.660273,-2)
(1364,32,113.660273,-2)
(1368,30,113.660273,-2)
(1372,28,113.660273,-2)
(1376,26,113.660273,-2)
(1380,24,113.660273,-2)
(1384,22,113.660273,-2)
(1388,20,113.660273,-2)
(1392,18,113.660273,-2)
(1396,16,113.660273,-2)
(1400,14,113.660273,-2)
(1404,12,113.660273,-2)
(1408,10,113.660273,-2)
(1412,8,113.660273,-2)
(1416,6,113.660273,-2)
(1420,4,113.660273,-2)
(1424,2,113.660273,-2)
(1428,0,113.660273,-2)
(1432,-2,113.660273,-2)
(1436,-4,113.660273,-2)
(1440,-6,113.660273,-2)
(1444,-8,113.660273,-2)
(1448,-10,113.660273,-2)
(1452,-12,113.660273,-2)
(1456,-14,113.660273,-2)
(1460,-16,113.660273,-2)
(1464,-18,113.660273,-2)
(1468,-20,113.660273,-2)
(1472,-22,113.660273,-2)
(1476,-24,113.660273,-2)
(1480,-26,113.660273,-2)
(1484,-28,113.660273,-2)
(1488,-30,113.660273,-2)
(1492,-32,113.660273,-2)
(1496,-34,113.660273,-2)
(1500,-36,113.660273,-2)
(1504,-38,113.660273,-2)
(1508,-40,113.660273,-2)
(1512,-42,113.660273,-2)
(1516,-44,113.660273,-2)
