8,9,10,11
(416,-28,73.174419,-2)
(420,-27,73.174419,-2)
(424,-26,73.174419,-2)
(428,-25,73.174419,-2)
(432,-24,73.174419,-2)
(436,-23,73.174419,-2)
(440,-22,73.174419,-2)
(444,-21,73.174419,-2)
(448,-20,73.174419,-2)
(452,-19,73.174419,-2)
(456,-18,73.174419,-2)
(460,-17,73.174419,-2)
(464,-16,72.540884,-2)
(468,-14,72.130564,-2)
(472,-13,71.811457,-2)
(476,-12,71.537184,-2)
(479,-11,71.285963,-2)
(483,-9,71.045376,-2)
(487,-8,70.807161,-2)
(491,-7,70.564928,-2)
(495,-5,70.313023,-2)
(499,-4,70.045774,-2)
(503,-2,69.756876,-2)
(506,-1,69.438734,-2)
(510,0,69.081545,-2)
(514,1,68.671909,-2)
(518,3,68.190588,-2)
(522,4,67.608156,-2)
(526,6,66.876602,-2)
(529,7,65.910326,-2)
(533,9,65.910326,-2)
(535,10,61.904812,-2)
(538,12,61.095472,-2)
(542,14,60.373318,-2)
(545,16,59.711708,-2)
(549,18,59.091875,-2)
(552,20,58.499969,-2)
(556,22,57.925064,-2)
(559,24,57.357983,-2)
(563,27,56.790684,-2)
(566,29,56.215496,-2)
(570,31,55.624828,-2)
(573,33,55.010574,-2)
(576,36,54.363724,-2)
(580,38,53.673790,-2)
(583,41,52.927971,-2)
(586,43,52.110104,-2)
(589,46,51.199005,-2)
(592,48,50.166111,-2)
(595,51,48.970936,-2)
(599,54,47.554115,-2)
(600,55,48.366459,-2)
(603,58,46.851742,-2)
(606,60,45.546974,-2)
(609,63,44.398685,-2)
(611,66,43.369251,-2)
(614,69,42.431240,-2)
(617,72,41.563908,-2)
(620,75,40.751129,-2)
(622,78,39.979763,-2)
(625,81,39.238831,-2)
(627,84,38.518806,-2)
(630,88,37.811001,-2)
(632,91,37.107079,-2)
(634,94,36.398724,-2)
(637,97,35.677200,-2)
(639,100,34.932793,-2)
(641,104,34.154179,-2)
(644,107,33.327682,-2)
(646,110,32.435814,-2)
(648,114,31.455444,-2)
(650,117,30.354439,-2)
(651,119,29.744884,-2)
(653,123,28.696526,-2)
(655,126,27.770542,-2)
(657,130,26.928497,-2)
(659,133,26.143871,-2)
(660,137,25.397736,-2)
(662,141,24.675636,-2)
(664,145,23.965652,-2)
(665,148,23.257713,-2)
(667,152,22.542465,-2)
(669,156,21.810852,-2)
(670,160,21.053635,-2)
(672,164,20.260803,-2)
(673,167,19.421043,-2)
(674,171,18.521118,-2)
(676,175,17.544632,-2)
(677,179,16.471413,-2)
(678,183,15.274818,-2)
(679,187,13.919571,-2)
(680,191,12.356964,-2)
(681,195,10.516922,-2)
(681,197,10.516922,-2)
(682,201,7.887085,-2)
(682,205,7.887085,-2)
(683,209,5.320900,-2)
(683,213,5.320900,-2)
(683,217,5.320900,-2)
(683,221,5.320900,-2)
(683,225,5.320900,-2)
(684,229,0.700150,-2)
(684,233,0.700150,-2)
(684,237,0.700150,-2)
(683,241,358.463806,-2)
(683,245,358.463806,-2)
(683,249,358.463806,-2)
(683,253,358.463806,-2)
(683,257,358.463806,-2)
(682,261,354.787872,-2)
(682,265,354.787872,-2)
(681,269,353.108185,-2)
(681,273,353.108185,-2)
(680,277,351.113861,-2)
(680,279,351.113861,-2)
(679,283,349.253998,-2)
(678,287,348.109894,-2)
(678,291,348.109894,-2)
(677,295,346.088348,-2)
(676,299,345.161682,-2)
(675,303,344.268341,-2)
(673,307,343.395477,-2)
(672,310,342.532440,-2)
(671,314,341.669876,-2)
(670,318,340.799179,-2)
(668,322,339.912048,-2)
(667,326,339.000244,-2)
(666,329,338.055084,-2)
(664,333,337.067261,-2)
(662,337,336.026428,-2)
(661,341,334.920700,-2)
(659,344,333.736160,-2)
(657,348,332.456314,-2)
(655,351,331.061142,-2)
(653,355,329.525543,-2)
(651,358,327.818497,-2)
(650,360,327.994614,-2)
(644,368,324.016510,-2)
(638,376,321.454224,-2)
(632,384,319.529221,-2)
(625,392,317.924515,-2)
(618,399,316.471786,-2)
(611,406,315.055588,-2)
(604,413,313.569046,-2)
(597,420,311.875732,-2)
(589,427,309.741638,-2)
(581,433,306.632950,-2)
(577,436,304.286880,-2)
(568,441,297.933105,-2)
(559,446,292.929535,-2)
(550,449,288.933655,-2)
(540,452,285.688873,-2)
(530,455,283.013962,-2)
(520,457,280.786240,-2)
(510,459,278.931580,-2)
(500,460,278.931580,-2)
(498,460,278.931580,-2)
(494,461,277.489014,-2)
(490,461,277.489014,-2)
(486,462,275.138672,-2)
(482,462,275.138672,-2)
(478,462,275.138672,-2)
(474,463,272.723373,-2)
(470,463,272.723373,-2)
(466,463,272.723373,-2)
(462,463,272.723373,-2)
(458,463,272.723373,-2)
(454,463,272.723373,-2)
(450,463,272.723373,-2)
(446,463,272.723373,-2)
(442,463,272.723373,-2)
(438,463,272.723373,-2)
(434,463,272.723373,-2)
(430,463,272.723373,-2)
(426,463,272.723373,-2)
(422,463,272.723373,-2)
(420,463,272.723373,-2)
(416,463,272.723373,-2)
(412,463,272.723373,-2)
(408,463,272.723373,-2)
(404,463,272.723373,-2)
(400,463,272.723373,-2)
(396,463,272.723373,-2)
(392,463,272.723373,-2)
(388,464,271.231064,-2)
(384,464,271.231064,-2)
(380,464,271.231064,-2)
(376,464,271.231064,-2)
(372,464,271.231064,-2)
(368,464,271.231064,-2)
(364,464,271.231064,-2)
(360,464,271.231064,-2)
(356,464,271.231064,-2)
(352,464,271.231064,-2)
(348,464,271.231064,-2)
(344,464,271.231064,-2)
(340,463,266.959061,-2)
(336,463,266.959061,-2)
(334,463,266.959061,-2)
(330,463,266.959061,-2)
(326,463,266.959061,-2)
(322,462,264.547638,-2)
(318,462,264.547638,-2)
(314,461,263.087280,-2)
(310,461,263.087280,-2)
(306,460,261.912857,-2)
(302,460,261.912857,-2)
(298,459,260.924271,-2)
(294,458,260.479187,-2)
(290,458,260.479187,-2)
(286,457,259.658188,-2)
(282,456,259.272797,-2)
(278,456,259.272797,-2)
(274,455,258.531326,-2)
(271,454,258.167114,-2)
(267,453,257.801422,-2)
(263,452,257.429138,-2)
(259,451,257.044006,-2)
(255,450,256.638000,-2)
(251,449,256.199768,-2)
(249,449,256.199768,-2)
(245,448,258.199524,-2)
(241,447,258.075089,-2)
(237,446,257.873810,-2)
(233,446,257.873810,-2)
(229,445,257.271774,-2)
(225,444,256.877213,-2)
(221,443,256.420074,-2)
(217,442,255.897552,-2)
(213,441,255.304779,-2)
(209,440,254.634872,-2)
(205,439,253.878296,-2)
(201,438,253.022751,-2)
(197,436,252.052139,-2)
(193,435,250.945572,-2)
(190,434,249.675690,-2)
(186,432,248.206192,-2)
(182,431,246.488327,-2)
(178,429,244.455582,-2)
(175,427,242.015411,-2)
(171,425,242.015411,-2)
(162,419,233.654877,-2)
(147,406,226.944244,-2)
(132,391,221.723419,-2)
(120,376,215.612640,-2)
(114,367,210.963760,-2)
(104,349,206.007011,-2)
(96,330,200.342117,-2)
(90,310,190.229126,-2)
(91,290,190.229126,-2)
(96,281,141.970520,-2)
(110,267,129.006199,-2)
(127,256,122.177120,-2)
(144,246,115.686190,-2)
(163,239,115.686190,-2)
(173,238,92.384082,-2)
(194,239,81.648030,-2)
(215,243,75.549082,-2)
(235,249,70.953497,-2)
(245,253,69.443954,-2)
(263,261,63.636194,-2)
(281,271,60.023491,-2)
(298,281,56.671764,-2)
(314,293,52.177563,-2)
(322,299,48.366459,-2)
(335,314,36.205490,-2)
(347,331,31.436378,-2)
(357,349,30.786762,-2)
(368,366,30.786762,-2)
(371,370,33.866333,-2)
(377,379,32.803276,-2)
(383,388,32.709980,-2)
(388,397,33.323082,-2)
(394,406,34.623745,-2)
(400,414,36.772266,-2)
(407,423,40.186790,-2)
(414,430,45.848614,-2)
(418,434,50.194427,-2)
(426,440,55.319107,-2)
(435,446,58.963696,-2)
(444,451,61.912615,-2)
(453,455,64.552395,-2)
(462,459,67.139555,-2)
(471,463,69.917992,-2)
(481,466,73.227537,-2)
(491,469,73.227537,-2)
(496,470,81.133039,-2)
(506,471,85.314545,-2)
(516,472,88.182241,-2)
(526,472,88.182241,-2)
(536,472,88.182241,-2)
(546,471,92.989698,-2)
(556,471,92.989698,-2)
(566,470,94.397832,-2)
(576,469,94.397832,-2)
(581,469,94.397832,-2)
(591,468,95.236573,-2)
(601,467,96.201473,-2)
(611,466,97.549210,-2)
(621,464,99.350544,-2)
(631,462,101.765921,-2)
(640,460,105.102298,-2)
(650,457,109.964010,-2)
(659,453,109.964010,-2)
(661,452,120.175831,-2)
(664,450,124.405693,-2)
(667,447,127.751762,-2)
(671,445,130.423805,-2)
(674,442,132.575058,-2)
(677,439,134.316051,-2)
(679,437,135.726471,-2)
(682,434,136.863708,-2)
(685,431,137.769142,-2)
(688,428,138.472080,-2)
(690,425,138.992538,-2)
(693,421,139.342941,-2)
(696,418,139.528999,-2)
(698,415,139.549938,-2)
(701,412,139.398132,-2)
(704,409,139.058060,-2)
(706,406,138.503738,-2)
(709,403,137.695156,-2)
(712,400,136.571579,-2)
(715,397,135.039856,-2)
(717,394,132.953674,-2)
(719,393,131.633541,-2)
(722,390,130.229233,-2)
(725,388,129.099205,-2)
(728,385,128.187328,-2)
(731,383,127.453892,-2)
(735,380,126.870323,-2)
(738,378,126.416031,-2)
(741,376,126.076107,-2)
(744,373,125.840145,-2)
(748,371,125.701202,-2)
(751,368,125.655331,-2)
(754,366,125.701218,-2)
(758,364,125.840179,-2)
(761,361,126.076168,-2)
(764,359,126.416084,-2)
(767,357,126.870396,-2)
(771,354,127.453930,-2)
(774,352,128.187408,-2)
(777,349,129.099293,-2)
(780,347,130.229317,-2)
(783,344,130.229317,-2)
(785,343,130.583065,-2)
(788,340,131.888618,-2)
(791,337,132.934666,-2)
(793,335,133.782402,-2)
(796,332,134.473381,-2)
(799,329,135.036381,-2)
(802,326,135.491901,-2)
(805,323,135.854542,-2)
(808,320,136.134594,-2)
(810,317,136.338943,-2)
(813,314,136.471848,-2)
(816,311,136.535019,-2)
(819,309,136.527985,-2)
(822,306,136.447704,-2)
(824,303,136.288498,-2)
(827,300,136.041084,-2)
(830,297,135.691650,-2)
(833,294,135.219715,-2)
(836,291,134.594910,-2)
(839,288,133.771572,-2)
(840,287,131.633541,-2)
(855,274,132.035065,-2)
(870,260,132.137596,-2)
(885,246,132.035053,-2)
(900,233,132.035053,-2)
(907,227,131.520725,-2)
(921,215,132.176620,-2)
(934,203,130.669861,-2)
(949,191,126.751793,-2)
(964,181,126.751793,-2)
(972,177,112.905828,-2)
(989,171,108.918859,-2)
(1006,166,104.931055,-2)
(1024,162,99.620574,-2)
(1042,160,99.620574,-2)
(1051,160,99.620574,-2)
(1069,162,83.438282,-2)
(1087,164,78.430230,-2)
(1105,169,70.815819,-2)
(1121,177,70.815819,-2)
(1128,183,46.308453,-2)
(1140,197,38.773853,-2)
(1151,212,33.784481,-2)
(1161,228,28.850334,-2)
(1169,244,21.565903,-2)
(1172,253,16.927513,-2)
(1175,271,4.487244,-2)
(1175,289,4.487244,-2)
(1173,308,350.443542,-2)
(1169,325,342.689392,-2)
(1166,334,337.750977,-2)
(1157,351,325.907959,-2)
(1145,366,319.635803,-2)
(1132,380,315.175934,-2)
(1118,393,311.062134,-2)
(1111,399,310.100906,-2)
(1100,407,304.821548,-2)
(1088,415,301.546692,-2)
(1076,422,298.916992,-2)
(1063,429,296.380127,-2)
(1051,435,293.475891,-2)
(1038,440,289.392899,-2)
(1031,442,286.260208,-2)
(1017,445,278.398621,-2)
(1002,447,273.526825,-2)
(987,447,273.526825,-2)
(972,447,273.526825,-2)
(957,446,267.540558,-2)
(950,446,267.540558,-2)
(935,445,262.100357,-2)
(921,442,258.895447,-2)
(907,439,256.893311,-2)
(892,436,255.694138,-2)
(878,432,255.238007,-2)
(871,430,257.735229,-2)
(857,427,256.227280,-2)
(842,423,255.279343,-2)
(828,419,254.573730,-2)
(814,415,253.975983,-2)
(800,411,253.393890,-2)
(793,409,252.349869,-2)
(787,407,251.368134,-2)
(782,405,250.641983,-2)
(776,403,250.078217,-2)
(770,401,249.625412,-2)
(765,399,249.252762,-2)
(759,397,248.940643,-2)
(753,395,248.676071,-2)
(748,392,248.450241,-2)
(742,390,248.257294,-2)
(737,388,248.093567,-2)
(731,386,247.957489,-2)
(725,383,247.849609,-2)
(720,381,247.773956,-2)
(717,380,247.750977,-2)
(711,378,246.676620,-2)
(706,375,245.815353,-2)
(700,373,245.096725,-2)
(694,370,244.477417,-2)
(689,367,243.928848,-2)
(683,364,243.431015,-2)
(678,362,242.968521,-2)
(672,359,242.529099,-2)
(667,356,242.101563,-2)
(661,353,241.674957,-2)
(656,350,241.236740,-2)
(650,347,240.771133,-2)
(645,344,240.771133,-2)
(642,342,240.679840,-2)
(637,339,241.169800,-2)
(631,336,241.317657,-2)
(626,334,241.211136,-2)
(621,331,240.891220,-2)
(615,328,240.372498,-2)
(610,324,239.650970,-2)
(605,321,238.705978,-2)
(599,318,237.498077,-2)
(594,315,235.962906,-2)
(589,311,233.998520,-2)
(584,307,231.441513,-2)
(579,303,228.020584,-2)
(575,299,228.020584,-2)
(573,297,223.926163,-2)
(569,292,221.967300,-2)
(565,288,220.149994,-2)
(561,283,218.389114,-2)
(557,278,216.626915,-2)
(554,273,214.817802,-2)
(550,268,212.921219,-2)
(547,263,210.896759,-2)
(544,258,208.700691,-2)
(541,253,206.282982,-2)
(539,247,203.584045,-2)
(537,242,200.531525,-2)
(535,236,197.037125,-2)
(533,230,197.037125,-2)
(532,227,191.417656,-2)
(531,221,189.057556,-2)
(530,215,187.318535,-2)
(530,209,187.318535,-2)
(529,203,184.776810,-2)
(529,197,184.776810,-2)
(528,190,182.839287,-2)
(528,184,182.839287,-2)
(528,178,182.839287,-2)
(528,172,182.839287,-2)
(528,166,182.839287,-2)
(528,160,182.839287,-2)
(528,154,182.839287,-2)
(528,147,182.839287,-2)
(529,141,175.538925,-2)
(529,135,175.538925,-2)
(530,129,172.473625,-2)
(531,123,172.473625,-2)
(532,120,167.965538,-2)
(533,114,164.786003,-2)
(535,108,162.258278,-2)
(537,103,160.212494,-2)
(539,97,158.533951,-2)
(541,92,157.143639,-2)
(543,86,155.986610,-2)
(546,81,155.024162,-2)
(549,75,154.229820,-2)
(551,70,153.586296,-2)
(554,64,153.084427,-2)
(557,59,152.722919,-2)
(559,54,152.509460,-2)
(562,48,152.464012,-2)
(565,43,152.625690,-2)
(568,38,153.067974,-2)
(569,35,151.557072,-2)
(572,30,150.258621,-2)
(575,24,149.377567,-2)
(578,19,148.731014,-2)
(582,14,148.232151,-2)
(585,8,147.833939,-2)
(588,3,147.508690,-2)
(592,-1,147.239384,-2)
(595,-6,147.015320,-2)
(598,-12,146.830532,-2)
(602,-17,146.683102,-2)
(605,-22,146.576576,-2)
(608,-27,146.524902,-2)
(612,-32,146.571682,-2)
(615,-37,146.903522,-2)
(617,-41,146.903522,-2)
(618,-41,146.903522,-2)
(621,-45,146.903522,-2)
(624,-49,146.903522,-2)
(627,-53,146.903522,-2)
(630,-57,146.903522,-2)
(633,-61,146.903522,-2)
(636,-65,146.903522,-2)
(639,-69,146.903522,-2)
(642,-73,146.903522,-2)
(645,-77,146.903522,-2)
