8,9,10,11
(-201,466,93.690482,-2)
(-188,465,93.690482,-2)
(-175,464,93.690482,-2)
(-162,463,93.690482,-2)
(-149,462,93.690482,-2)
(-136,461,93.690482,-2)
(-123,460,93.690482,-2)
(-110,459,93.690482,-2)
(-97,458,93.690482,-2)
(-84,457,93.690482,-2)
(-71,456,93.690482,-2)
(-58,455,93.690482,-2)
(-45,454,94.655362,-2)
(-33,453,95.346836,-2)
(-20,452,96.034182,-2)
(-8,451,96.890154,-2)
(5,449,98.255103,-2)
(11,448,99.462322,-2)
(23,446,100.722119,-2)
(35,443,101.983336,-2)
(47,441,103.375902,-2)
(60,438,105.035263,-2)
(71,434,107.166849,-2)
(83,430,110.168053,-2)
(89,428,109.983107,-2)
(100,423,113.204767,-2)
(112,418,115.430862,-2)
(123,413,117.245178,-2)
(134,407,118.931526,-2)
(144,401,120.715460,-2)
(155,394,122.918015,-2)
(160,391,124.380344,-2)
(170,383,128.659962,-2)
(180,375,131.185600,-2)
(189,367,132.923298,-2)
(198,358,134.240536,-2)
(207,350,135.317871,-2)
(216,341,136.270756,-2)
(220,336,136.735706,-2)
(228,327,140.204227,-2)
(236,317,141.497444,-2)
(244,307,141.509766,-2)
(252,298,140.424545,-2)
(260,288,138.018753,-2)
(268,279,133.484127,-2)
(273,275,129.805573,-2)
(279,270,129.129581,-2)
(286,265,128.185867,-2)
(292,260,126.999352,-2)
(299,255,125.540707,-2)
(305,250,123.739883,-2)
(312,246,121.475800,-2)
(319,242,118.544582,-2)
(327,238,114.589651,-2)
(334,235,108.947332,-2)
(342,233,108.947332,-2)
(346,233,108.947332,-2)
(354,233,108.947332,-2)
(363,234,82.219363,-2)
(371,235,79.116444,-2)
(379,237,76.768943,-2)
(387,239,74.921122,-2)
(395,241,73.424904,-2)
(403,243,72.191444,-2)
(410,246,71.170155,-2)
(418,249,70.345463,-2)
(422,250,70.016893,-2)
(437,256,64.748283,-2)
(451,264,61.725683,-2)
(466,272,59.552134,-2)
(479,280,57.678268,-2)
(493,289,57.678268,-2)
(499,294,48.386524,-2)
(511,305,43.816719,-2)
(522,317,43.568741,-2)
(533,329,46.945930,-2)
(546,339,55.981930,-2)
(553,343,65.556044,-2)
(570,349,73.943174,-2)
(587,353,78.637020,-2)
(604,356,82.359413,-2)
(621,358,86.294248,-2)
(639,358,86.294248,-2)
(647,357,99.098342,-2)
(663,353,107.709970,-2)
(678,348,112.775888,-2)
(692,341,115.868952,-2)
(707,334,117.485247,-2)
(714,330,115.463345,-2)
(729,322,118.628345,-2)
(743,314,121.311516,-2)
(757,305,124.373386,-2)
(771,295,128.708324,-2)
(783,284,128.708324,-2)
(789,278,140.470009,-2)
(798,265,147.923145,-2)
(806,251,150.332249,-2)
(814,237,149.252293,-2)
(823,223,143.855705,-2)
(828,217,136.735706,-2)
(839,205,134.679928,-2)
(851,194,132.325844,-2)
(864,183,129.202923,-2)
(877,173,124.434914,-2)
(891,165,124.434914,-2)
(898,162,112.305115,-2)
(914,156,107.894930,-2)
(930,152,104.336711,-2)
(946,148,100.661309,-2)
(962,146,95.862235,-2)
(970,145,92.385944,-2)
(987,145,92.385944,-2)
(1004,146,84.300248,-2)
(1020,148,80.711082,-2)
(1037,152,75.865651,-2)
(1053,157,75.865651,-2)
(1060,161,59.146574,-2)
(1074,170,52.254879,-2)
(1086,181,47.429459,-2)
(1098,192,43.089989,-2)
(1108,204,37.987816,-2)
(1113,211,34.380344,-2)
(1121,225,28.523071,-2)
(1129,240,24.955482,-2)
(1135,255,22.026520,-2)
(1141,270,18.955757,-2)
(1146,286,18.955757,-2)
(1148,294,12.979996,-2)
(1151,310,10.098137,-2)
(1154,326,6.970482,-2)
(1155,343,2.780266,-2)
(1155,359,2.780266,-2)
(1154,367,349.695160,-2)
(1150,383,340.057617,-2)
(1143,397,334.278488,-2)
(1136,412,329.624313,-2)
(1127,425,324.848038,-2)
(1117,438,324.848038,-2)
(1111,444,315.175674,-2)
(1099,455,311.033325,-2)
(1087,465,307.745316,-2)
(1074,475,304.290222,-2)
(1060,484,299.686600,-2)
(1045,491,299.686600,-2)
(1037,494,287.778427,-2)
(1021,498,281.755142,-2)
(1005,501,277.325653,-2)
(989,502,273.236053,-2)
(972,502,273.236053,-2)
(964,502,273.236053,-2)
(947,500,258.554276,-2)
(931,496,253.418289,-2)
(915,490,249.790924,-2)
(899,484,246.719711,-2)
(884,477,246.719711,-2)
(877,473,240.455994,-2)
(863,464,235.581375,-2)
(849,455,232.531967,-2)
(837,444,230.195480,-2)
(824,434,228.002258,-2)
(818,428,225.000000,-2)
(807,416,220.184265,-2)
(797,404,217.348145,-2)
(788,391,215.291656,-2)
(779,377,213.542747,-2)
(770,364,213.542747,-2)
(766,357,210.105003,-2)
(757,341,208.129898,-2)
(749,326,206.963272,-2)
(741,310,206.198563,-2)
(734,295,205.704002,-2)
(730,287,206.565048,-2)
(723,272,204.973373,-2)
(716,256,204.222572,-2)
(709,241,203.890976,-2)
(702,225,203.904434,-2)
(695,210,203.904434,-2)
(692,202,205.168564,-2)
(684,187,205.922112,-2)
(677,172,206.122414,-2)
(670,158,205.904770,-2)
(663,143,205.218040,-2)
(659,135,205.559967,-2)
(652,120,205.724022,-2)
(644,105,205.784348,-2)
(637,90,205.794762,-2)
(630,75,205.761978,-2)
(623,60,205.662682,-2)
(619,52,205.559967,-2)
(612,37,205.788101,-2)
(605,23,205.977104,-2)
(598,8,206.208473,-2)
(590,-7,206.617531,-2)
(583,-21,206.617531,-2)
(583,-21,206.617531,-2)
(576,-34,206.617531,-2)
(569,-47,206.617531,-2)
(562,-60,206.617531,-2)
(555,-73,206.617531,-2)
(548,-86,206.617531,-2)
(541,-99,206.617531,-2)
(534,-112,206.617531,-2)
(527,-125,206.617531,-2)
(520,-138,206.617531,-2)
(513,-151,206.617531,-2)
(506,-164,206.617531,-2)
(499,-177,206.617531,-2)
