8,9,10,11
(-221,426,93.690482,-2)
(-208,425,93.690482,-2)
(-195,424,93.690482,-2)
(-182,423,93.690482,-2)
(-169,422,93.690482,-2)
(-156,421,93.690482,-2)
(-143,420,93.690482,-2)
(-130,419,93.690482,-2)
(-117,418,93.690482,-2)
(-104,417,93.690482,-2)
(-91,416,93.690482,-2)
(-78,415,93.690482,-2)
(-65,414,94.655362,-2)
(-53,413,95.346836,-2)
(-40,412,96.034182,-2)
(-28,411,96.890154,-2)
(-15,409,98.255103,-2)
(-9,408,99.462322,-2)
(3,406,100.722119,-2)
(15,403,101.983336,-2)
(27,401,103.375902,-2)
(40,398,105.035263,-2)
(51,394,107.166849,-2)
(63,390,110.168053,-2)
(69,388,109.983107,-2)
(80,383,113.204767,-2)
(92,378,115.430862,-2)
(103,373,117.245178,-2)
(114,367,118.931526,-2)
(124,361,120.715460,-2)
(135,354,122.918015,-2)
(140,351,124.380344,-2)
(150,343,128.659962,-2)
(160,335,131.185600,-2)
(169,327,132.923298,-2)
(178,318,134.240536,-2)
(187,310,135.317871,-2)
(196,301,136.270756,-2)
(200,296,136.735706,-2)
(208,287,140.204227,-2)
(216,277,141.497444,-2)
(224,267,141.509766,-2)
(232,258,140.424545,-2)
(240,248,138.018753,-2)
(248,239,133.484127,-2)
(253,235,129.805573,-2)
(259,230,129.129581,-2)
(266,225,128.185867,-2)
(272,220,126.999352,-2)
(279,215,125.540707,-2)
(285,210,123.739883,-2)
(292,206,121.475800,-2)
(299,202,118.544582,-2)
(307,198,114.589651,-2)
(314,195,108.947332,-2)
(322,193,108.947332,-2)
(326,193,108.947332,-2)
(334,193,108.947332,-2)
(343,194,82.219363,-2)
(351,195,79.116444,-2)
(359,197,76.768943,-2)
(367,199,74.921122,-2)
(375,201,73.424904,-2)
(383,203,72.191444,-2)
(390,206,71.170155,-2)
(398,209,70.345463,-2)
(402,210,70.016893,-2)
(417,216,64.748283,-2)
(431,224,61.725683,-2)
(446,232,59.552134,-2)
(459,240,57.678268,-2)
(473,249,57.678268,-2)
(479,254,48.386524,-2)
(491,265,43.816719,-2)
(502,277,43.568741,-2)
(513,289,46.945930,-2)
(526,299,55.981930,-2)
(533,303,65.556044,-2)
(550,309,73.943174,-2)
(567,313,78.637020,-2)
(584,316,82.359413,-2)
(601,318,86.294248,-2)
(619,318,86.294248,-2)
(627,317,99.098342,-2)
(643,313,107.709970,-2)
(658,308,112.775888,-2)
(672,301,115.868952,-2)
(687,294,117.485247,-2)
(694,290,115.463345,-2)
(709,282,118.628345,-2)
(723,274,121.311516,-2)
(737,265,124.373386,-2)
(751,255,128.708324,-2)
(763,244,128.708324,-2)
(769,238,140.470009,-2)
(778,225,147.923145,-2)
(786,211,150.332249,-2)
(794,197,149.252293,-2)
(803,183,143.855705,-2)
(808,177,136.735706,-2)
(819,165,134.679928,-2)
(831,154,132.325844,-2)
(844,143,129.202923,-2)
(857,133,124.434914,-2)
(871,125,124.434914,-2)
(878,122,112.305115,-2)
(894,116,107.894930,-2)
(910,112,104.336711,-2)
(926,108,100.661309,-2)
(942,106,95.862235,-2)
(950,105,92.385944,-2)
(967,105,92.385944,-2)
(984,106,84.300248,-2)
(1000,108,80.711082,-2)
(1017,112,75.865651,-2)
(1033,117,75.865651,-2)
(1040,121,59.146574,-2)
(1054,130,52.254879,-2)
(1066,141,47.429459,-2)
(1078,152,43.089989,-2)
(1088,164,37.987816,-2)
(1093,171,34.380344,-2)
(1101,185,28.523071,-2)
(1109,200,24.955482,-2)
(1115,215,22.026520,-2)
(1121,230,18.955757,-2)
(1126,246,18.955757,-2)
(1128,254,12.979996,-2)
(1131,270,10.098137,-2)
(1134,286,6.970482,-2)
(1135,303,2.780266,-2)
(1135,319,2.780266,-2)
(1134,327,349.695160,-2)
(1130,343,340.057617,-2)
(1123,357,334.278488,-2)
(1116,372,329.624313,-2)
(1107,385,324.848038,-2)
(1097,398,324.848038,-2)
(1091,404,315.175674,-2)
(1079,415,311.033325,-2)
(1067,425,307.745316,-2)
(1054,435,304.290222,-2)
(1040,444,299.686600,-2)
(1025,451,299.686600,-2)
(1017,454,287.778427,-2)
(1001,458,281.755142,-2)
(985,461,277.325653,-2)
(969,462,273.236053,-2)
(952,462,273.236053,-2)
(944,462,273.236053,-2)
(927,460,258.554276,-2)
(911,456,253.418289,-2)
(895,450,249.790924,-2)
(879,444,246.719711,-2)
(864,437,246.719711,-2)
(857,433,240.455994,-2)
(843,424,235.581375,-2)
(829,415,232.531967,-2)
(817,404,230.195480,-2)
(804,394,228.002258,-2)
(798,388,225.000000,-2)
(787,376,220.184265,-2)
(777,364,217.348145,-2)
(768,351,215.291656,-2)
(759,337,213.542747,-2)
(750,324,213.542747,-2)
(746,317,210.105003,-2)
(737,301,208.129898,-2)
(729,286,206.963272,-2)
(721,270,206.198563,-2)
(714,255,205.704002,-2)
(710,247,206.565048,-2)
(703,232,204.973373,-2)
(696,216,204.222572,-2)
(689,201,203.890976,-2)
(682,185,203.904434,-2)
(675,170,203.904434,-2)
(672,162,205.168564,-2)
(664,147,205.922112,-2)
(657,132,206.122414,-2)
(650,118,205.904770,-2)
(643,103,205.218040,-2)
(639,95,205.559967,-2)
(632,80,205.724022,-2)
(624,65,205.784348,-2)
(617,50,205.794762,-2)
(610,35,205.761978,-2)
(603,20,205.662682,-2)
(599,12,205.559967,-2)
(592,-3,205.788101,-2)
(585,-17,205.977104,-2)
(578,-32,206.208473,-2)
(570,-47,206.617531,-2)
(563,-61,206.617531,-2)
(563,-61,206.617531,-2)
(556,-74,206.617531,-2)
(549,-87,206.617531,-2)
(542,-100,206.617531,-2)
(535,-113,206.617531,-2)
(528,-126,206.617531,-2)
(521,-139,206.617531,-2)
(514,-152,206.617531,-2)
(507,-165,206.617531,-2)
(500,-178,206.617531,-2)
(493,-191,206.617531,-2)
(486,-204,206.617531,-2)
(479,-217,206.617531,-2)
