8,9,10,11
(-107,523,162.637619,-2)
(-105,517,162.637619,-2)
(-103,511,162.637619,-2)
(-101,505,162.637619,-2)
(-99,499,162.637619,-2)
(-97,493,162.637619,-2)
(-95,487,162.637619,-2)
(-93,481,162.637619,-2)
(-91,475,162.637619,-2)
(-89,469,162.637619,-2)
(-87,463,162.637619,-2)
(-85,457,162.637619,-2)
(-83,451,161.918655,-2)
(-82,446,161.455780,-2)
(-80,440,161.084785,-2)
(-78,434,160.750145,-2)
(-76,428,160.424240,-2)
(-73,423,160.088364,-2)
(-71,417,159.725769,-2)
(-69,411,159.317337,-2)
(-67,406,158.836937,-2)
(-65,400,158.243484,-2)
(-63,394,157.463715,-2)
(-60,389,156.345146,-2)
(-59,386,154.536652,-2)
(-56,381,153.119015,-2)
(-54,375,151.978802,-2)
(-51,370,151.009995,-2)
(-48,365,150.150391,-2)
(-45,359,149.359554,-2)
(-42,354,148.608269,-2)
(-38,349,147.873264,-2)
(-35,344,147.133598,-2)
(-32,339,146.368042,-2)
(-28,334,145.552330,-2)
(-25,329,144.655525,-2)
(-21,324,143.634132,-2)
(-18,319,142.420998,-2)
(-16,317,143.615646,-2)
(-12,312,141.499870,-2)
(-8,307,139.886177,-2)
(-4,303,138.598637,-2)
(0,298,137.535538,-2)
(3,294,136.633411,-2)
(7,289,135.850193,-2)
(11,285,135.156448,-2)
(16,281,134.530537,-2)
(20,277,133.955673,-2)
(24,272,133.417843,-2)
(29,268,132.904335,-2)
(33,264,132.402046,-2)
(38,260,131.895256,-2)
(40,258,129.805573,-2)
(45,254,128.845993,-2)
(49,250,128.058395,-2)
(54,247,127.374035,-2)
(59,243,126.752357,-2)
(64,239,126.166290,-2)
(69,236,125.595707,-2)
(74,232,125.023643,-2)
(79,229,124.433884,-2)
(84,225,123.808933,-2)
(89,222,123.127663,-2)
(94,219,122.361889,-2)
(99,216,121.470654,-2)
(104,213,120.389177,-2)
(107,211,119.744883,-2)
(112,208,119.797056,-2)
(118,205,119.689377,-2)
(123,202,119.454746,-2)
(129,199,119.107370,-2)
(134,196,118.650047,-2)
(139,193,118.076996,-2)
(145,190,117.374172,-2)
(150,187,116.517982,-2)
(156,184,115.471947,-2)
(162,182,114.180489,-2)
(167,179,112.556973,-2)
(173,177,110.460903,-2)
(179,175,110.460903,-2)
(182,174,107.268206,-2)
(188,172,106.511333,-2)
(194,171,105.738118,-2)
(200,169,104.924781,-2)
(206,167,104.049792,-2)
(212,166,103.090117,-2)
(218,165,102.018140,-2)
(224,163,100.798342,-2)
(230,162,99.382257,-2)
(236,161,97.700575,-2)
(242,161,97.700575,-2)
(249,160,93.062536,-2)
(255,160,93.062536,-2)
(258,160,93.062536,-2)
(264,160,93.062536,-2)
(270,161,84.138836,-2)
(276,162,82.770295,-2)
(282,162,82.770295,-2)
(288,163,80.007254,-2)
(294,165,78.462033,-2)
(300,166,76.699297,-2)
(306,167,74.602660,-2)
(312,169,71.990826,-2)
(318,171,68.549763,-2)
(323,174,63.671890,-2)
(329,177,56.019608,-2)
(333,181,42.264763,-2)
(335,183,33.690067,-2)
(338,189,16.577278,-2)
(339,195,7.601700,-2)
(339,201,7.601700,-2)
(339,207,7.601700,-2)
(339,213,7.601700,-2)
(338,219,352.109253,-2)
(337,225,349.689392,-2)
(336,231,347.372437,-2)
(334,237,345.020035,-2)
(333,243,342.476852,-2)
(331,249,339.520676,-2)
(328,255,335.756348,-2)
(326,260,330.308990,-2)
(324,263,326.309937,-2)
(320,268,315.089462,-2)
(315,272,307.655197,-2)
(310,275,302.661621,-2)
(305,279,299.229050,-2)
(300,281,296.846710,-2)
(294,284,295.221161,-2)
(288,287,294.185532,-2)
(283,289,293.652252,-2)
(277,292,293.591278,-2)
(271,294,294.024933,-2)
(266,297,295.037979,-2)
(260,299,296.810364,-2)
(255,302,299.696869,-2)
(252,304,301.759476,-2)
(247,307,301.948593,-2)
(242,310,302.221375,-2)
(236,314,302.566360,-2)
(231,317,302.981354,-2)
(226,320,303.470474,-2)
(221,324,304.043060,-2)
(216,327,304.714371,-2)
(211,331,305.507019,-2)
(206,334,306.454575,-2)
(201,338,307.607346,-2)
(196,342,309.043945,-2)
(192,346,310.893799,-2)
(187,350,313.386581,-2)
(185,352,316.735703,-2)
(181,356,318.480942,-2)
(177,361,319.943375,-2)
(173,366,321.241196,-2)
(170,370,322.445694,-2)
(166,375,323.605820,-2)
(162,380,324.759720,-2)
(159,385,325.941177,-2)
(156,390,327.184448,-2)
(152,395,328.528458,-2)
(149,400,330.022049,-2)
(146,405,331.732025,-2)
(144,411,333.756607,-2)
(141,416,336.251144,-2)
(140,419,337.750977,-2)
(138,425,338.967224,-2)
(136,431,340.100647,-2)
(133,436,341.236343,-2)
(132,442,342.428757,-2)
(130,448,343.725189,-2)
(128,454,345.177170,-2)
(127,460,346.849854,-2)
(125,466,348.834290,-2)
(124,472,351.267487,-2)
(123,479,354.370728,-2)
(123,485,354.370728,-2)
(123,491,354.370728,-2)
(124,497,13.616646,-2)
(125,500,20.224854,-2)
(128,505,30.621353,-2)
(131,510,36.757298,-2)
(135,515,41.023972,-2)
(139,520,44.339806,-2)
(143,524,47.138538,-2)
(148,528,49.664452,-2)
(152,532,52.081978,-2)
(157,535,54.526604,-2)
(162,539,57.138332,-2)
(167,542,60.096813,-2)
(173,545,63.679394,-2)
(178,547,68.389523,-2)
(184,549,75.300402,-2)
(190,550,75.300402,-2)
(193,550,75.300402,-2)
(199,549,101.270053,-2)
(205,548,108.052917,-2)
(211,546,112.778885,-2)
(216,543,116.183203,-2)
(222,540,118.695494,-2)
(227,537,120.569498,-2)
(232,534,121.956522,-2)
(237,531,122.944340,-2)
(243,527,123.575809,-2)
(248,524,123.855156,-2)
(253,521,123.741833,-2)
(258,517,123.126217,-2)
(263,514,123.126217,-2)
(266,512,122.099609,-2)
(271,509,122.736328,-2)
(276,506,123.347652,-2)
(281,503,123.958977,-2)
(286,499,124.589024,-2)
(291,496,125.254150,-2)
(295,492,125.971119,-2)
(300,489,126.759014,-2)
(305,485,127.641647,-2)
(310,481,128.650642,-2)
(315,478,129.830349,-2)
(319,474,131.246384,-2)
(324,470,133.001583,-2)
(328,465,135.269016,-2)
(332,461,135.269016,-2)
(334,459,140.511845,-2)
(338,454,143.961773,-2)
(341,449,146.574066,-2)
(344,444,148.578613,-2)
(348,438,150.122856,-2)
(350,433,151.301998,-2)
(353,428,152.177044,-2)
(356,422,152.784477,-2)
(359,417,153.141541,-2)
(362,412,153.247627,-2)
(364,406,153.082447,-2)
(367,401,152.599388,-2)
(370,395,151.710758,-2)
(373,390,151.710758,-2)
(375,387,149.869648,-2)
(378,382,149.280071,-2)
(381,377,148.863335,-2)
(384,372,148.570114,-2)
(387,366,148.372101,-2)
(390,361,148.252792,-2)
(394,356,148.203148,-2)
(397,351,148.219604,-2)
(400,345,148.303322,-2)
(403,340,148.460484,-2)
(407,335,148.703449,-2)
(410,330,149.053844,-2)
(413,324,149.548962,-2)
(416,319,149.548962,-2)
(417,316,150.607056,-2)
(420,311,151.122982,-2)
(423,306,151.461411,-2)
(426,300,151.673363,-2)
(429,295,151.787251,-2)
(432,290,151.818867,-2)
(435,284,151.776276,-2)
(438,279,151.661652,-2)
(441,274,151.472282,-2)
(443,269,151.200115,-2)
(446,263,150.830383,-2)
(449,258,150.338875,-2)
(452,253,149.685589,-2)
(455,248,148.802799,-2)
(457,245,146.309933,-2)
(460,240,145.819897,-2)
(464,235,145.336452,-2)
(467,230,144.844536,-2)
(471,225,144.331768,-2)
(474,220,143.786617,-2)
(478,216,143.196735,-2)
(481,211,142.547565,-2)
(485,206,141.820797,-2)
(489,201,140.992275,-2)
(493,197,140.028225,-2)
(497,192,138.879215,-2)
(501,188,137.469112,-2)
(505,183,135.672401,-2)
(509,179,135.672401,-2)
(511,177,130.910229,-2)
(516,173,129.652931,-2)
(521,169,128.568993,-2)
(526,165,127.595829,-2)
(531,161,126.691517,-2)
(536,158,125.825054,-2)
(541,154,124.970886,-2)
(546,151,124.105434,-2)
(551,147,123.204205,-2)
(556,144,122.238766,-2)
(562,141,121.172243,-2)
(567,137,119.952572,-2)
(572,134,118.499319,-2)
(575,133,117.645977,-2)
(580,130,116.850140,-2)
(586,128,116.069008,-2)
(591,125,115.276529,-2)
(597,122,114.452374,-2)
(602,120,113.578159,-2)
(608,118,112.634571,-2)
(613,115,111.599581,-2)
(619,113,110.446032,-2)
(625,111,109.138889,-2)
(630,109,107.630650,-2)
(636,107,105.854619,-2)
(642,106,103.712839,-2)
(648,105,101.055105,-2)
(651,104,99.462322,-2)
(657,103,96.882850,-2)
(663,103,96.882850,-2)
(669,102,93.434709,-2)
(675,102,93.434709,-2)
(681,102,93.434709,-2)
(687,102,93.434709,-2)
(693,102,93.434709,-2)
(699,102,93.434709,-2)
(705,102,93.434709,-2)
(711,102,93.434709,-2)
(717,102,93.434709,-2)
(723,102,93.434709,-2)
(729,102,93.434709,-2)
(735,102,93.434709,-2)
(738,102,93.434709,-2)
(744,102,93.434709,-2)
(750,103,85.734747,-2)
(756,103,85.734747,-2)
(762,104,84.797210,-2)
(768,104,84.797210,-2)
(775,105,84.157749,-2)
(781,106,83.911143,-2)
(787,106,83.911143,-2)
(793,107,83.526314,-2)
(799,108,83.380592,-2)
(805,108,83.380592,-2)
(811,109,83.179534,-2)
(817,110,83.131299,-2)
(823,111,83.131625,-2)
(826,111,83.131625,-2)
(832,112,82.884911,-2)
(838,113,84.049119,-2)
(844,113,84.049119,-2)
(850,114,84.793455,-2)
(856,114,84.793455,-2)
(862,115,83.924445,-2)
(868,116,82.887762,-2)
(874,116,82.887762,-2)
(880,117,79.235459,-2)
(886,119,76.266540,-2)
(892,120,72.081556,-2)
(897,122,66.024540,-2)
(903,125,56.997196,-2)
(905,127,52.594643,-2)
(910,131,44.598969,-2)
(914,136,39.543789,-2)
(917,141,35.848129,-2)
(921,146,32.863892,-2)
(924,151,30.266254,-2)
(927,156,27.861423,-2)
(930,162,25.511147,-2)
(932,167,23.094612,-2)
(935,173,20.481834,-2)
(937,179,17.503105,-2)
(938,185,13.899254,-2)
(940,191,9.216736,-2)
(940,197,9.216736,-2)
(940,203,9.216736,-2)
(939,206,345.450745,-2)
(937,212,336.711136,-2)
(935,217,331.034180,-2)
(932,222,326.973053,-2)
(928,227,323.844986,-2)
(925,232,321.291672,-2)
(921,237,319.104416,-2)
(917,241,317.149323,-2)
(912,245,315.330460,-2)
(908,250,313.569672,-2)
(904,254,311.791946,-2)
(899,258,309.911301,-2)
(894,262,307.808670,-2)
(890,265,305.287903,-2)
(885,268,301.961731,-2)
(882,270,299.744888,-2)
(877,273,294.480957,-2)
(871,275,290.487778,-2)
(865,277,287.326187,-2)
(859,279,284.729187,-2)
(853,280,282.526367,-2)
(847,281,280.603546,-2)
(841,282,278.879562,-2)
(835,283,277.292847,-2)
(829,284,275.792603,-2)
(823,284,275.792603,-2)
(817,285,272.862228,-2)
(811,285,272.862228,-2)
(805,285,272.862228,-2)
(799,285,272.862228,-2)
(796,285,272.862228,-2)
(790,284,259.079025,-2)
(784,283,255.318253,-2)
(778,281,252.619156,-2)
(772,279,250.721390,-2)
(766,277,249.459885,-2)
(761,275,248.736237,-2)
(755,272,248.501251,-2)
(749,270,248.746674,-2)
(744,268,249.505051,-2)
(738,266,250.857239,-2)
(732,264,252.951447,-2)
(726,262,256.039047,-2)
(720,261,256.039047,-2)
(717,261,256.039047,-2)
(711,260,261.507629,-2)
(705,259,262.172363,-2)
(699,258,262.869675,-2)
(693,257,263.613785,-2)
(687,257,263.613785,-2)
(681,256,265.306152,-2)
(675,256,265.306152,-2)
(668,255,267.413223,-2)
(662,255,267.413223,-2)
(656,255,267.413223,-2)
(650,255,267.413223,-2)
(644,255,267.413223,-2)
(638,256,267.413223,-2)
(635,256,267.413223,-2)
(629,258,282.107315,-2)
(623,259,284.367538,-2)
(617,261,286.215393,-2)
(611,263,287.780640,-2)
(605,264,289.147415,-2)
(599,267,290.374222,-2)
(593,269,291.504898,-2)
(587,271,292.575287,-2)
(582,274,293.617996,-2)
(576,276,294.667343,-2)
(570,279,295.765320,-2)
(565,282,296.972290,-2)
(562,283,299.744888,-2)
(557,286,301.301132,-2)
(552,289,302.642731,-2)
(547,293,303.863678,-2)
(542,296,305.023560,-2)
(537,299,306.165665,-2)
(532,303,307.326172,-2)
(527,307,308.539871,-2)
(522,311,309.844727,-2)
(518,315,311.287247,-2)
(513,319,312.929367,-2)
(509,323,314.860764,-2)
(505,327,317.220825,-2)
(501,332,320.243423,-2)
(499,334,322.125015,-2)
(495,339,326.875763,-2)
(492,344,330.322372,-2)
(489,350,332.898514,-2)
(487,355,334.862549,-2)
(484,361,336.373154,-2)
(482,367,337.529602,-2)
(479,372,338.393433,-2)
(477,378,338.999741,-2)
(475,384,339.362274,-2)
(473,390,339.474091,-2)
(470,395,339.302628,-2)
(468,401,338.776108,-2)
(466,407,338.776108,-2)
(465,410,335.830002,-2)
(462,415,333.294479,-2)
(459,421,331.855270,-2)
(456,426,331.125656,-2)
(453,432,330.924362,-2)
(450,437,331.172012,-2)
(447,443,331.851959,-2)
(445,448,332.999390,-2)
(442,454,334.706894,-2)
(439,459,337.148849,-2)
(437,465,340.635666,-2)
(435,471,345.724518,-2)
(434,477,353.428406,-2)
(434,483,353.428406,-2)
(434,486,353.428406,-2)
(436,492,17.500435,-2)
(438,498,22.513451,-2)
(441,504,26.296787,-2)
(444,509,29.353973,-2)
(447,514,31.967510,-2)
(450,520,34.314735,-2)
(454,525,36.521572,-2)
(457,530,38.692135,-2)
(461,534,40.929531,-2)
(466,539,43.357956,-2)
(470,543,46.157074,-2)
(475,547,49.635307,-2)
(479,551,54.422390,-2)
(482,553,57.724358,-2)
(487,556,64.249754,-2)
(493,558,68.917528,-2)
(499,560,72.542768,-2)
(505,562,75.547842,-2)
(511,563,78.177938,-2)
(517,565,80.592654,-2)
(523,565,80.592654,-2)
(529,566,85.233470,-2)
(535,566,85.233470,-2)
(541,567,89.655361,-2)
(547,566,93.451539,-2)
(553,566,93.451539,-2)
(559,565,102.490171,-2)
(562,564,103.392497,-2)
(568,562,110.969368,-2)
(573,560,116.177681,-2)
(579,557,120.013042,-2)
(584,554,123.000629,-2)
(589,550,125.437027,-2)
(594,547,127.502960,-2)
(599,543,129.317028,-2)
(603,539,130.963764,-2)
(608,535,132.510059,-2)
(612,531,134.016239,-2)
(617,526,135.547401,-2)
(621,522,137.188988,-2)
(625,517,139.079239,-2)
(627,515,140.194427,-2)
(631,510,146.254147,-2)
(634,505,150.336689,-2)
(637,500,153.091721,-2)
(639,494,154.903923,-2)
(642,489,155.995354,-2)
(644,483,156.487434,-2)
(647,478,156.432831,-2)
(649,472,155.828835,-2)
(652,467,154.616676,-2)
(654,461,152.667995,-2)
(657,456,149.752235,-2)
(660,451,145.476475,-2)
(664,446,139.190796,-2)
(666,444,135.000000,-2)
(670,440,132.361561,-2)
(675,436,130.350208,-2)
(680,432,128.621220,-2)
(684,428,127.012424,-2)
(689,425,125.425636,-2)
(694,421,123.786171,-2)
(699,418,122.022991,-2)
(704,415,120.054892,-2)
(710,412,117.774679,-2)
(715,409,115.025015,-2)
(720,407,111.553762,-2)
(726,405,106.921167,-2)
(732,404,100.294753,-2)
(738,403,100.294753,-2)
(741,403,100.294753,-2)
(747,405,71.618980,-2)
(752,407,64.550352,-2)
(758,410,59.940149,-2)
(763,413,56.899853,-2)
(768,416,54.931862,-2)
(773,420,53.762825,-2)
(778,423,53.251999,-2)
(783,427,53.347263,-2)
(787,431,54.070915,-2)
(792,434,55.528091,-2)
(797,437,57.943237,-2)
(803,440,61.745554,-2)
(808,443,61.745554,-2)
(811,444,68.556755,-2)
(816,446,69.951323,-2)
(822,448,71.155174,-2)
(828,450,72.243572,-2)
(834,452,73.265640,-2)
(840,454,74.257234,-2)
(845,455,75.247840,-2)
(851,457,76.264827,-2)
(857,458,77.336865,-2)
(863,459,78.497472,-2)
(869,461,79.789851,-2)
(875,462,81.273967,-2)
(881,462,81.273967,-2)
(887,463,81.273967,-2)
(890,463,81.273967,-2)
(896,464,84.294071,-2)
(902,465,85.174304,-2)
(908,465,85.174304,-2)
(914,465,85.174304,-2)
(920,466,87.900105,-2)
(926,466,87.900105,-2)
(932,466,87.900105,-2)
(938,466,87.900105,-2)
(944,466,87.900105,-2)
(950,465,94.483522,-2)
(956,465,94.483522,-2)
(962,464,99.137383,-2)
(968,463,102.506175,-2)
(971,462,102.264773,-2)
(977,460,106.665419,-2)
(983,459,110.012203,-2)
(988,456,112.659487,-2)
(994,454,114.822268,-2)
(999,451,116.637865,-2)
(1005,448,118.197926,-2)
(1010,446,119.566690,-2)
(1015,442,120.791073,-2)
(1020,439,121.907417,-2)
(1026,436,122.945652,-2)
(1031,433,123.933052,-2)
(1036,429,124.897903,-2)
(1041,426,125.875340,-2)
(1043,424,124.380344,-2)
(1048,420,126.128609,-2)
(1053,417,127.506210,-2)
(1058,413,128.672649,-2)
(1063,409,129.715145,-2)
(1067,405,130.688454,-2)
(1072,401,131.631756,-2)
(1076,397,132.577118,-2)
(1081,393,133.554806,-2)
(1085,388,134.597572,-2)
(1090,384,135.745739,-2)
(1094,380,137.054058,-2)
(1098,375,138.605015,-2)
(1102,370,140.533817,-2)
(1104,368,140.194427,-2)
(1108,363,140.497276,-2)
(1112,359,141.025616,-2)
(1116,354,141.735298,-2)
(1119,349,142.612312,-2)
(1123,344,143.659023,-2)
(1126,339,144.890835,-2)
(1130,334,146.334671,-2)
(1133,329,148.030788,-2)
(1136,324,150.036469,-2)
(1139,319,152.431698,-2)
(1142,313,155.328873,-2)
(1144,308,158.885780,-2)
(1146,302,163.323700,-2)
(1147,299,165.963760,-2)
(1148,293,170.032898,-2)
(1149,287,172.897041,-2)
(1150,281,175.098831,-2)
(1150,275,175.098831,-2)
(1150,269,175.098831,-2)
(1151,263,179.845039,-2)
(1150,256,181.138657,-2)
(1150,250,181.138657,-2)
(1150,244,181.138657,-2)
(1150,238,181.138657,-2)
(1149,232,186.242172,-2)
(1148,226,187.739471,-2)
(1147,220,189.474457,-2)
(1146,214,191.602524,-2)
(1145,208,194.417381,-2)
(1144,205,196.260208,-2)
(1142,199,200.369736,-2)
(1140,194,203.508652,-2)
(1137,188,206.116684,-2)
(1134,183,208.428246,-2)
(1131,177,210.589668,-2)
(1128,172,212.707687,-2)
(1125,167,214.875763,-2)
(1121,162,217.191208,-2)
(1117,157,219.774597,-2)
(1113,153,222.796646,-2)
(1109,148,226.529617,-2)
(1104,144,231.455612,-2)
(1099,141,238.523743,-2)
(1094,138,238.523743,-2)
(1091,137,255.671661,-2)
(1085,136,264.186569,-2)
(1079,136,264.186569,-2)
(1073,136,264.186569,-2)
(1067,137,277.411896,-2)
(1061,138,280.028748,-2)
(1055,139,282.230469,-2)
(1049,140,284.151230,-2)
(1043,142,285.885742,-2)
(1038,143,287.508194,-2)
(1032,145,289.085587,-2)
(1026,147,290.690659,-2)
(1021,150,292.421509,-2)
(1015,152,292.421509,-2)
(1012,153,297.243790,-2)
(1007,156,301.279678,-2)
(1002,160,304.042450,-2)
(997,163,306.042694,-2)
(992,167,307.543686,-2)
(987,170,308.693527,-2)
(983,174,309.580521,-2)
(978,178,310.258881,-2)
(973,182,310.761230,-2)
(969,186,311.105042,-2)
(964,190,311.294708,-2)
(959,194,311.321548,-2)
(955,198,311.159393,-2)
(950,202,310.754120,-2)
(946,206,309.997742,-2)
(941,210,309.997742,-2)
(939,212,308.411621,-2)
(934,216,308.103821,-2)
(929,220,308.014496,-2)
(924,223,308.118057,-2)
(919,227,308.401245,-2)
(914,231,308.860077,-2)
(909,235,309.498901,-2)
(905,239,310.329910,-2)
(900,243,311.373917,-2)
(895,247,312.662003,-2)
(891,252,314.238190,-2)
(886,256,316.163422,-2)
(882,261,318.522247,-2)
(880,263,319.899094,-2)
(876,268,321.369583,-2)
(872,273,322.557541,-2)
(869,277,323.585968,-2)
(865,282,324.523636,-2)
(862,287,325.414841,-2)
(858,293,326.291946,-2)
(855,298,327.182510,-2)
(851,303,328.112976,-2)
(848,308,329.112625,-2)
(845,313,330.217575,-2)
(842,319,331.476364,-2)
(839,324,332.960571,-2)
(837,330,334.783417,-2)
(834,335,337.142258,-2)
(833,338,338.629379,-2)
(831,344,340.481110,-2)
(829,350,342.068848,-2)
(827,355,343.507431,-2)
(825,361,344.869308,-2)
(824,367,346.206726,-2)
(822,373,347.563293,-2)
(821,379,348.980682,-2)
(820,385,350.504578,-2)
(819,391,352.190674,-2)
(818,398,354.113647,-2)
(818,404,354.113647,-2)
(818,410,354.113647,-2)
(818,416,354.113647,-2)
(818,419,354.113647,-2)
(819,425,11.655472,-2)
(820,431,14.834190,-2)
(822,437,17.366196,-2)
(824,442,19.476982,-2)
(826,448,21.305984,-2)
(828,453,22.946602,-2)
(831,459,24.467010,-2)
(833,464,25.922852,-2)
(836,470,27.365395,-2)
(839,475,28.850040,-2)
(842,480,30.447205,-2)
(845,486,32.261581,-2)
(848,491,34.475826,-2)
(850,493,34.380344,-2)
(854,498,39.111237,-2)
(858,503,42.628242,-2)
(862,507,45.308262,-2)
(867,511,47.386833,-2)
(871,515,49.014297,-2)
(876,519,50.287601,-2)
(881,523,51.268959,-2)
(885,527,51.996063,-2)
(890,531,52.487179,-2)
(895,535,52.742382,-2)
(900,538,52.740601,-2)
(905,542,52.430653,-2)
(910,546,52.430653,-2)
(912,548,53.040272,-2)
(917,551,54.996693,-2)
(922,555,56.333572,-2)
(927,558,57.262638,-2)
(932,561,57.898663,-2)
(938,564,58.306526,-2)
(943,568,58.522772,-2)
(948,571,58.565147,-2)
(953,574,58.437054,-2)
(958,577,58.128250,-2)
(963,580,57.612255,-2)
(968,584,56.840210,-2)
(973,587,55.726082,-2)
(978,590,54.115341,-2)
(983,594,54.115341,-2)
(985,596,52.329967,-2)
(990,600,50.972527,-2)
(995,603,49.863667,-2)
(999,607,48.940983,-2)
(1004,611,48.162930,-2)
(1008,615,47.500908,-2)
(1013,619,46.934620,-2)
(1017,624,46.450161,-2)
(1022,628,46.037868,-2)
(1026,632,45.692097,-2)
(1030,636,45.410526,-2)
(1034,640,45.195164,-2)
(1039,645,45.053040,-2)
(1043,649,45.053040,-2)
(1045,651,45.870232,-2)
(1049,655,44.649731,-2)
(1054,660,43.778694,-2)
(1058,664,43.197781,-2)
(1062,668,42.864616,-2)
(1066,673,42.749638,-2)
(1070,677,42.832363,-2)
(1074,682,43.099461,-2)
(1078,686,43.543221,-2)
(1082,690,44.160522,-2)
(1087,695,44.952042,-2)
(1091,699,45.922085,-2)
(1095,703,47.078308,-2)
(1100,707,48.430931,-2)
(1102,709,49.184917,-2)
(1107,713,50.590370,-2)
(1111,717,51.431252,-2)
(1116,721,52.003910,-2)
(1121,724,52.424366,-2)
(1126,728,52.748280,-2)
(1131,732,53.006042,-2)
(1136,735,53.215763,-2)
(1141,739,53.388783,-2)
(1146,743,53.532520,-2)
(1151,746,53.651806,-2)
(1155,750,53.749561,-2)
(1160,754,53.827087,-2)
(1165,757,53.884171,-2)
(1170,761,53.918449,-2)
(1175,764,53.923889,-2)
(1180,768,53.887436,-2)
(1185,772,53.776947,-2)
(1190,775,53.492809,-2)
(1195,779,53.492809,-2)
(1195,779,53.492809,-2)
(1200,783,53.492809,-2)
(1205,787,53.492809,-2)
(1210,791,53.492809,-2)
(1215,795,53.492809,-2)
(1220,799,53.492809,-2)
(1225,803,53.492809,-2)
(1230,807,53.492809,-2)
(1235,811,53.492809,-2)
(1240,815,53.492809,-2)
(1245,819,53.492809,-2)
