0,1,2,5,6,7
(-120,33,51.559311,-2)
(-115,37,51.559311,-2)
(-110,41,51.559311,-2)
(-105,45,51.559311,-2)
(-100,49,51.559311,-2)
(-95,53,51.559311,-2)
(-90,57,51.559311,-2)
(-85,61,51.559311,-2)
(-80,65,51.559311,-2)
(-75,69,51.559311,-2)
(-70,73,51.559311,-2)
(-64,78,51.559311,-2)
(-57,83,51.597256,-2)
(-51,88,51.738884,-2)
(-45,93,51.939392,-2)
(-38,98,52.194809,-2)
(-32,103,52.515530,-2)
(-26,108,52.924801,-2)
(-19,112,53.466377,-2)
(-13,117,54.227287,-2)
(-6,122,55.408810,-2)
(-3,124,54.462322,-2)
(3,129,55.706860,-2)
(10,133,56.608768,-2)
(17,138,57.306053,-2)
(24,142,57.870762,-2)
(31,147,58.344976,-2)
(38,151,58.755608,-2)
(45,155,59.121370,-2)
(52,160,59.456812,-2)
(59,164,59.775026,-2)
(66,168,60.091097,-2)
(70,170,61.389540,-2)
(77,174,61.501738,-2)
(84,178,61.675125,-2)
(91,182,61.904543,-2)
(99,185,62.188805,-2)
(106,189,62.529825,-2)
(113,193,62.932352,-2)
(120,196,63.404150,-2)
(127,200,63.956701,-2)
(135,204,64.606400,-2)
(142,207,64.606400,-2)
(146,209,63.945511,-2)
(153,212,64.654177,-2)
(161,216,65.122732,-2)
(168,219,65.450888,-2)
(176,223,65.685974,-2)
(183,226,65.852673,-2)
(191,229,65.963846,-2)
(198,233,66.024885,-2)
(206,236,66.034779,-2)
(213,240,65.984949,-2)
(221,243,65.853985,-2)
(228,246,65.591814,-2)
(232,248,65.376436,-2)
(239,251,64.998375,-2)
(247,255,64.792311,-2)
(254,258,64.729870,-2)
(262,262,64.797539,-2)
(269,265,64.992676,-2)
(277,269,65.322498,-2)
(284,272,65.805187,-2)
(292,276,66.473623,-2)
(299,279,67.383404,-2)
(307,282,67.383404,-2)
(311,283,68.693233,-2)
(318,286,68.782745,-2)
(326,289,68.839153,-2)
(334,292,68.873568,-2)
(341,295,68.891308,-2)
(349,298,68.894745,-2)
(357,301,68.884300,-2)
(364,304,68.858677,-2)
(372,307,68.814192,-2)
(379,310,68.743217,-2)
(387,313,68.743217,-2)
(391,314,69.301960,-2)
(398,317,69.128313,-2)
(406,320,69.072115,-2)
(413,323,69.112854,-2)
(421,326,69.240936,-2)
(428,329,69.454479,-2)
(436,331,69.757959,-2)
(443,334,70.162758,-2)
(451,337,70.688789,-2)
(458,339,71.368635,-2)
(466,342,71.368635,-2)
(470,343,72.662169,-2)
(478,346,73.223652,-2)
(486,348,73.582903,-2)
(494,350,73.817984,-2)
(502,353,73.966082,-2)
(510,355,74.045777,-2)
(518,357,74.065143,-2)
(526,360,74.024669,-2)
(534,362,73.917278,-2)
(542,364,73.725271,-2)
(550,367,73.411915,-2)
(558,369,73.411915,-2)
(562,370,73.035164,-2)
(570,373,72.310476,-2)
(578,375,71.774494,-2)
(586,378,71.374809,-2)
(593,380,71.081495,-2)
(601,383,70.877953,-2)
(609,386,70.756918,-2)
(617,389,70.719267,-2)
(624,391,70.775452,-2)
(632,394,70.950279,-2)
(640,397,71.296173,-2)
(644,398,72.255329,-2)
(652,400,71.750685,-2)
(659,403,71.393726,-2)
(667,406,71.151796,-2)
(674,408,71.005674,-2)
(682,411,70.944809,-2)
(690,413,70.964991,-2)
(697,416,71.067608,-2)
(705,419,71.259804,-2)
(713,421,71.556168,-2)
(720,424,71.981741,-2)
(724,425,72.255329,-2)
(732,427,71.782452,-2)
(739,430,71.541597,-2)
(747,433,71.444544,-2)
(754,435,71.453392,-2)
(762,438,71.552713,-2)
(770,440,71.740667,-2)
(777,443,72.026552,-2)
(785,445,72.433008,-2)
(793,448,73.003551,-2)
(800,450,73.822094,-2)
(808,452,75.065344,-2)
(812,453,74.357754,-2)
(820,455,74.818191,-2)
(827,457,75.230916,-2)
(835,459,75.611240,-2)
(843,461,75.970743,-2)
(851,463,76.319039,-2)
(859,465,76.664910,-2)
(866,467,77.017287,-2)
(874,469,77.386419,-2)
(882,470,77.785105,-2)
(890,472,77.785105,-2)
(894,473,76.296536,-2)
(902,475,76.820683,-2)
(910,477,77.237748,-2)
(918,478,77.598972,-2)
(925,480,77.932799,-2)
(933,482,78.258789,-2)
(941,483,78.593410,-2)
(949,485,78.954109,-2)
(957,487,79.363501,-2)
(965,488,79.856569,-2)
(973,489,80.496841,-2)
(977,490,80.909723,-2)
(985,491,81.241326,-2)
(993,492,81.532255,-2)
(1001,494,81.807771,-2)
(1009,495,82.083788,-2)
(1017,496,82.373596,-2)
(1025,497,82.690802,-2)
(1034,498,83.052604,-2)
(1042,499,83.483829,-2)
(1050,500,84.025590,-2)
(1058,501,84.754972,-2)
(1062,501,84.754972,-2)
(1070,502,85.589162,-2)
(1078,502,85.589162,-2)
(1086,503,85.953380,-2)
(1094,503,85.953380,-2)
(1102,504,86.379445,-2)
(1111,504,86.379445,-2)
(1119,505,86.887500,-2)
(1127,505,86.887500,-2)
(1135,506,87.509638,-2)
(1143,506,87.509638,-2)
(1147,506,87.509638,-2)
(1155,506,87.509638,-2)
(1164,507,87.853986,-2)
(1172,507,87.853986,-2)
(1180,507,87.853986,-2)
(1188,508,88.040755,-2)
(1197,508,88.040755,-2)
(1205,508,88.040755,-2)
(1213,508,88.040755,-2)
(1221,509,88.648347,-2)
(1230,509,88.648347,-2)
(1238,509,88.648347,-2)
(1246,509,88.648347,-2)
(1250,509,88.648347,-2)
(1258,509,88.648347,-2)
(1266,509,88.648347,-2)
(1274,509,88.648347,-2)
(1282,509,88.648347,-2)
(1290,509,88.648347,-2)
(1298,509,88.648347,-2)
(1306,509,88.648347,-2)
(1314,509,88.648347,-2)
(1322,509,88.648347,-2)
(1326,509,88.648347,-2)
(1330,509,88.648347,-2)
(1338,509,88.648347,-2)
(1346,509,88.648347,-2)
(1354,509,88.648347,-2)
(1362,509,88.648347,-2)
(1370,509,88.648347,-2)
(1378,509,88.648347,-2)
(1386,509,88.648347,-2)
(1394,509,88.648347,-2)
(1402,509,88.648347,-2)
