1,8,9,10,11
(-127,178,41.832924,-2)
(-122,183,41.832924,-2)
(-117,188,41.832924,-2)
(-112,193,41.832924,-2)
(-107,198,41.832924,-2)
(-102,203,41.832924,-2)
(-97,208,41.832924,-2)
(-92,213,41.832924,-2)
(-87,218,41.832924,-2)
(-82,223,41.832924,-2)
(-77,228,41.832924,-2)
(-72,234,41.832924,-2)
(-66,240,41.970715,-2)
(-61,246,42.104481,-2)
(-55,252,42.246552,-2)
(-50,258,42.405270,-2)
(-45,264,42.589787,-2)
(-39,270,42.812984,-2)
(-34,276,43.095741,-2)
(-28,281,43.476284,-2)
(-23,287,44.036533,-2)
(-17,293,44.036533,-2)
(-14,296,45.960228,-2)
(-8,302,47.471256,-2)
(-2,307,48.607204,-2)
(4,313,49.488640,-2)
(10,318,50.184540,-2)
(17,324,50.735676,-2)
(23,329,51.165287,-2)
(30,334,51.483143,-2)
(36,339,51.685383,-2)
(43,344,51.748203,-2)
(46,347,51.709835,-2)
(52,352,51.923653,-2)
(59,357,52.141556,-2)
(65,362,52.372643,-2)
(71,367,52.625439,-2)
(78,371,52.909824,-2)
(84,376,53.238785,-2)
(90,381,53.631157,-2)
(97,386,54.116646,-2)
(103,390,54.746403,-2)
(110,395,54.746403,-2)
(113,397,56.839333,-2)
(120,402,56.787102,-2)
(127,406,56.950943,-2)
(134,411,57.288689,-2)
(141,415,57.790676,-2)
(148,419,58.469097,-2)
(155,424,59.357285,-2)
(162,428,60.516922,-2)
(169,432,62.056299,-2)
(176,435,64.172512,-2)
(180,437,65.556044,-2)
(188,440,65.521744,-2)
(195,444,65.772385,-2)
(203,447,66.235823,-2)
(211,451,66.893524,-2)
(218,454,67.757183,-2)
(226,457,68.864628,-2)
(234,460,70.286327,-2)
(242,463,72.144178,-2)
(250,465,74.654621,-2)
(258,467,74.654621,-2)
(262,468,77.515368,-2)
(270,469,79.924541,-2)
(278,471,81.742905,-2)
(286,472,83.195035,-2)
(294,473,84.407313,-2)
(302,473,84.407313,-2)
(310,474,86.403166,-2)
(318,474,86.403166,-2)
(326,475,88.141003,-2)
(334,475,88.141003,-2)
(342,475,88.141003,-2)
(346,475,88.141003,-2)
(354,475,88.141003,-2)
(362,474,94.082313,-2)
(371,474,94.082313,-2)
(379,473,96.474318,-2)
(387,472,97.604616,-2)
(395,471,98.761387,-2)
(403,469,100.000177,-2)
(411,468,101.393474,-2)
(419,466,103.051919,-2)
(423,465,104.036243,-2)
(431,463,107.441807,-2)
(439,460,109.725208,-2)
(446,457,111.357809,-2)
(454,454,112.568665,-2)
(462,451,113.479763,-2)
(469,448,114.158113,-2)
(477,444,114.636658,-2)
(484,441,114.921103,-2)
(492,437,114.984560,-2)
(499,434,114.741911,-2)
(503,432,114.443956,-2)
(510,429,116.018269,-2)
(518,425,117.204109,-2)
(525,421,118.157322,-2)
(532,417,118.963131,-2)
(539,413,119.674444,-2)
(546,409,120.328461,-2)
(553,405,120.955429,-2)
(560,401,121.585243,-2)
(567,396,122.255116,-2)
(574,392,122.255116,-2)
(577,390,120.612833,-2)
(584,386,121.969933,-2)
(591,381,122.974113,-2)
(598,377,123.733368,-2)
(605,372,124.309181,-2)
(611,368,124.736877,-2)
(618,363,125.035091,-2)
(625,359,125.209019,-2)
(631,354,125.249966,-2)
(638,349,125.129982,-2)
(641,347,123.023865,-2)
(648,342,124.400436,-2)
(654,338,125.292561,-2)
(661,333,125.894821,-2)
(668,328,126.300186,-2)
(674,324,126.556538,-2)
(681,319,126.687431,-2)
(687,314,126.700565,-2)
(694,309,126.589443,-2)
(700,304,126.330414,-2)
(707,299,125.871902,-2)
(710,297,123.690067,-2)
(717,292,124.193218,-2)
(723,288,124.446392,-2)
(730,283,124.528145,-2)
(737,279,124.473312,-2)
(743,274,124.294056,-2)
(750,270,123.986420,-2)
(757,265,123.530849,-2)
(764,261,122.886539,-2)
(771,256,121.976784,-2)
(777,252,120.652065,-2)
(781,250,119.744883,-2)
(788,246,119.203499,-2)
(795,242,118.618294,-2)
(802,238,117.970972,-2)
(809,234,117.239302,-2)
(817,231,116.393858,-2)
(824,227,115.392651,-2)
(831,224,114.171782,-2)
(839,221,112.627256,-2)
(846,218,110.575022,-2)
(854,215,110.575022,-2)
(858,214,103.500355,-2)
(866,212,101.702645,-2)
(874,211,100.282071,-2)
(882,209,99.090344,-2)
(890,208,98.039743,-2)
(898,207,97.070844,-2)
(906,206,96.136902,-2)
(914,205,95.193579,-2)
(922,205,95.193579,-2)
(930,204,93.046703,-2)
(934,204,93.046703,-2)
(942,204,93.046703,-2)
(950,204,93.046703,-2)
(958,203,92.387446,-2)
(966,203,92.387446,-2)
(974,203,92.387446,-2)
(982,203,92.387446,-2)
(991,203,92.387446,-2)
(999,204,80.482729,-2)
(1006,206,73.750647,-2)
(1014,209,73.750647,-2)
(1018,211,58.579357,-2)
(1024,216,51.882317,-2)
(1030,221,47.441940,-2)
(1036,227,44.222664,-2)
(1042,233,41.727737,-2)
(1047,239,39.688377,-2)
(1052,245,37.941681,-2)
(1057,252,36.375832,-2)
(1062,258,34.898808,-2)
(1067,265,33.411430,-2)
(1071,272,33.411430,-2)
(1073,275,31.273228,-2)
(1077,282,30.187336,-2)
(1081,289,28.942932,-2)
(1085,296,27.514317,-2)
(1089,303,25.859001,-2)
(1092,311,23.914665,-2)
(1095,318,21.591316,-2)
(1098,326,18.756310,-2)
(1100,333,15.209595,-2)
(1102,341,10.642502,-2)
(1103,349,10.642502,-2)
(1103,353,10.642502,-2)
(1103,361,10.642502,-2)
(1103,369,10.642502,-2)
(1103,377,10.642502,-2)
(1102,385,354.022369,-2)
(1101,393,352.142578,-2)
(1100,401,350.083771,-2)
(1098,409,347.688232,-2)
(1096,417,344.711487,-2)
(1094,425,340.706238,-2)
(1091,432,334.705750,-2)
(1087,439,334.705750,-2)
(1084,442,316.350342,-2)
(1078,448,305.372391,-2)
(1071,452,298.290009,-2)
(1063,456,293.366531,-2)
(1056,459,289.702377,-2)
(1048,461,286.814819,-2)
(1040,463,284.421234,-2)
(1032,465,282.335968,-2)
(1023,467,280.411591,-2)
(1015,468,278.482803,-2)
(1011,469,277.431412,-2)
(1003,470,273.913208,-2)
(995,470,273.913208,-2)
(987,470,273.913208,-2)
(979,470,273.913208,-2)
(971,469,265.196930,-2)
(963,469,265.196930,-2)
(955,467,261.900375,-2)
(947,466,260.240189,-2)
(939,465,258.475250,-2)
(931,463,258.475250,-2)
(927,462,256.859436,-2)
(919,460,254.317673,-2)
(911,458,252.606537,-2)
(903,455,251.358627,-2)
(895,452,250.400436,-2)
(887,450,249.638641,-2)
(880,447,249.019043,-2)
(872,444,248.509003,-2)
(864,440,248.089584,-2)
(856,437,247.752945,-2)
(849,434,247.505066,-2)
(841,431,247.505066,-2)
(837,429,246.453430,-2)
(830,426,244.856339,-2)
(822,422,243.553925,-2)
(815,419,242.503098,-2)
(808,415,241.673019,-2)
(801,411,241.042740,-2)
(794,407,240.599701,-2)
(787,403,240.338943,-2)
(780,399,240.263184,-2)
(773,395,240.383820,-2)
(769,393,240.524109,-2)
(762,389,239.764435,-2)
(755,385,239.283508,-2)
(748,381,238.952332,-2)
(741,376,238.714233,-2)
(734,372,238.540665,-2)
(727,368,238.416245,-2)
(720,363,238.333023,-2)
(713,359,238.288116,-2)
(706,355,238.283615,-2)
(699,351,238.327896,-2)
(692,346,238.441086,-2)
(685,342,238.441086,-2)
(681,340,238.703079,-2)
(674,336,237.654007,-2)
(668,331,237.038513,-2)
(661,327,236.792267,-2)
(654,322,236.878540,-2)
(647,318,237.281372,-2)
(640,313,238.002121,-2)
(633,309,239.058136,-2)
(626,305,240.483353,-2)
(619,301,242.330612,-2)
(615,299,244.440033,-2)
(608,295,245.226959,-2)
(600,292,245.848801,-2)
(592,289,246.401596,-2)
(585,285,246.932739,-2)
(577,282,247.473419,-2)
(570,279,248.050583,-2)
(562,276,248.693878,-2)
(554,273,249.442566,-2)
(547,270,250.356903,-2)
(539,268,251.541718,-2)
(531,265,253.207779,-2)
(527,264,256.504272,-2)
(519,262,257.371933,-2)
(511,260,258.218384,-2)
(503,259,259.084457,-2)
(494,257,260.004852,-2)
(486,256,261.015869,-2)
(478,255,262.161865,-2)
(470,254,263.504059,-2)
(462,253,265.135010,-2)
(453,252,267.207520,-2)
(445,252,267.207520,-2)
(441,252,267.207520,-2)
(433,252,267.207520,-2)
(424,253,273.240799,-2)
(416,253,273.240799,-2)
(408,254,275.392212,-2)
(400,255,276.504929,-2)
(391,256,277.713135,-2)
(383,257,279.083817,-2)
(375,258,280.714569,-2)
(367,260,282.766769,-2)
(363,261,284.036240,-2)
(355,263,286.892548,-2)
(348,266,288.970200,-2)
(340,268,290.567551,-2)
(333,271,291.845718,-2)
(325,274,292.899750,-2)
(318,278,293.789536,-2)
(310,281,294.554642,-2)
(303,284,295.222031,-2)
(296,288,295.809967,-2)
(289,291,296.329590,-2)
(285,293,297.645981,-2)
(278,297,300.359680,-2)
(271,301,302.162949,-2)
(264,306,303.402237,-2)
(257,310,304.249512,-2)
(251,315,304.793671,-2)
(244,319,305.075928,-2)
(237,324,305.102310,-2)
(231,329,304.842651,-2)
(224,333,304.213181,-2)
(217,338,304.213181,-2)
(214,340,303.323593,-2)
(207,345,303.760925,-2)
(200,349,304.051529,-2)
(193,354,304.240997,-2)
(186,359,304.352707,-2)
(180,363,304.398193,-2)
(173,368,304.380966,-2)
(166,373,304.297623,-2)
(159,377,304.136566,-2)
(152,382,303.873444,-2)
(149,384,303.690063,-2)
(142,389,304.248688,-2)
(135,393,304.615158,-2)
(128,398,304.858475,-2)
(121,403,305.013229,-2)
(115,408,305.097382,-2)
(108,413,305.119125,-2)
(101,417,305.079697,-2)
(94,422,304.973633,-2)
(87,427,304.786880,-2)
(80,432,304.491257,-2)
(77,434,304.286880,-2)
(70,439,303.841568,-2)
(63,443,303.544662,-2)
(56,448,303.340088,-2)
(49,452,303.200150,-2)
(43,457,303.110443,-2)
(36,461,303.064163,-2)
(29,466,303.059799,-2)
(22,470,303.101212,-2)
(15,475,303.199280,-2)
(8,479,303.377762,-2)
(1,484,303.377762,-2)
(-1,486,303.918213,-2)
(-8,491,304.200867,-2)
(-15,496,304.357986,-2)
(-22,500,304.441025,-2)
(-29,505,304.469009,-2)
(-35,509,304.445572,-2)
(-42,514,304.361084,-2)
(-49,519,304.183411,-2)
(-56,523,303.815674,-2)
(-63,528,302.811020,-2)
(-67,530,302.811020,-2)
(-70,532,302.811020,-2)
(-77,536,302.811020,-2)
(-84,540,302.811020,-2)
(-91,544,302.811020,-2)
(-98,548,302.811020,-2)
(-105,552,302.811020,-2)
(-112,556,302.811020,-2)
(-119,560,302.811020,-2)
(-126,564,302.811020,-2)
(-133,568,302.811020,-2)
