0,1,2,3,4,5,6,7,8,9,10,11
(1413,222,301.227890,-2)
(1409,225,301.227890,-2)
(1405,228,301.227890,-2)
(1401,231,301.227890,-2)
(1397,234,301.227890,-2)
(1393,237,301.227890,-2)
(1389,240,301.227890,-2)
(1385,243,301.227890,-2)
(1381,246,301.227890,-2)
(1377,249,301.227890,-2)
(1373,252,301.227890,-2)
(1368,255,301.227890,-2)
(1363,258,301.326385,-2)
(1357,261,301.390167,-2)
(1352,265,301.440872,-2)
(1347,268,301.485855,-2)
(1342,271,301.528687,-2)
(1337,274,301.571503,-2)
(1331,277,301.616241,-2)
(1326,281,301.664566,-2)
(1321,284,301.718491,-2)
(1316,287,301.780624,-2)
(1311,290,301.855072,-2)
(1306,293,301.948334,-2)
(1303,295,303.111343,-2)
(1298,298,303.288208,-2)
(1293,302,303.383484,-2)
(1288,305,303.427811,-2)
(1283,308,303.436203,-2)
(1278,312,303.416443,-2)
(1272,315,303.372482,-2)
(1267,318,303.306076,-2)
(1262,322,303.217331,-2)
(1257,325,303.104889,-2)
(1252,328,302.965988,-2)
(1247,332,302.796051,-2)
(1242,335,302.588074,-2)
(1237,338,302.331436,-2)
(1232,342,302.009506,-2)
(1226,345,301.595428,-2)
(1221,348,301.041687,-2)
(1216,351,301.041687,-2)
(1213,353,301.582321,-2)
(1208,356,300.825302,-2)
(1203,359,300.174988,-2)
(1197,362,299.619705,-2)
(1192,365,299.150574,-2)
(1186,368,298.760727,-2)
(1181,371,298.445587,-2)
(1176,374,298.202087,-2)
(1170,377,298.028885,-2)
(1165,380,297.926285,-2)
(1159,383,297.896194,-2)
(1154,386,297.942703,-2)
(1148,389,298.071976,-2)
(1143,392,298.293655,-2)
(1140,393,298.442932,-2)
(1135,396,299.736816,-2)
(1129,399,300.652374,-2)
(1124,402,301.311478,-2)
(1119,405,301.783661,-2)
(1114,409,302.110947,-2)
(1108,412,302.319336,-2)
(1103,415,302.424713,-2)
(1098,419,302.435944,-2)
(1093,422,302.356415,-2)
(1088,425,302.184753,-2)
(1082,428,301.914551,-2)
(1077,432,301.533707,-2)
(1072,435,301.022461,-2)
(1067,438,300.350174,-2)
(1061,441,299.468704,-2)
(1056,444,299.468704,-2)
(1053,445,297.918625,-2)
(1048,448,297.297623,-2)
(1042,451,296.821686,-2)
(1037,454,296.454285,-2)
(1031,457,296.172272,-2)
(1026,459,295.960236,-2)
(1020,462,295.808044,-2)
(1015,465,295.709244,-2)
(1009,467,295.660004,-2)
(1004,470,295.658783,-2)
(998,473,295.706161,-2)
(993,475,295.804947,-2)
(987,478,295.960312,-2)
(981,481,296.180969,-2)
(976,483,296.480194,-2)
(970,486,296.878342,-2)
(965,489,296.878342,-2)
(962,490,297.760956,-2)
(957,493,298.339828,-2)
(952,496,298.771912,-2)
(946,499,299.079559,-2)
(941,502,299.279602,-2)
(936,505,299.384857,-2)
(931,508,299.405029,-2)
(925,511,299.347733,-2)
(920,514,299.218567,-2)
(915,517,299.021759,-2)
(910,520,298.760361,-2)
(904,523,298.436417,-2)
(899,525,298.051224,-2)
(894,528,297.605225,-2)
(888,531,297.098282,-2)
(883,534,296.529556,-2)
(877,536,295.897766,-2)
(872,539,295.897766,-2)
(869,540,295.196732,-2)
(864,543,295.187805,-2)
(858,545,295.178635,-2)
(853,548,295.169159,-2)
(847,551,295.159378,-2)
(842,553,295.149155,-2)
(836,556,295.138458,-2)
(831,558,295.127182,-2)
(825,561,295.115265,-2)
(820,564,295.102585,-2)
(814,566,295.089050,-2)
(809,569,295.074478,-2)
(803,571,295.058731,-2)
(798,574,295.041611,-2)
(792,576,295.022842,-2)
(787,579,295.002136,-2)
(781,582,294.979065,-2)
(776,584,294.953110,-2)
(770,587,294.923569,-2)
(765,589,294.889511,-2)
(759,592,294.849518,-2)
(754,594,294.801682,-2)
(748,597,294.742722,-2)
(743,599,294.667618,-2)
(737,602,294.667618,-2)
(734,603,295.248291,-2)
(729,606,295.333939,-2)
(723,609,295.409317,-2)
(718,611,295.475830,-2)
(712,614,295.534683,-2)
(706,617,295.586670,-2)
(701,619,295.632324,-2)
(695,622,295.672211,-2)
(690,625,295.706635,-2)
(684,627,295.735718,-2)
(679,630,295.759521,-2)
(673,633,295.777924,-2)
(668,635,295.790573,-2)
(662,638,295.796951,-2)
(656,641,295.796188,-2)
(651,643,295.786926,-2)
(645,646,295.767181,-2)
(640,649,295.733536,-2)
(637,650,297.407578,-2)
(632,653,298.190277,-2)
(626,656,298.815369,-2)
(621,659,299.309631,-2)
(616,662,299.691757,-2)
(610,665,299.974304,-2)
(605,668,300.165390,-2)
(600,671,300.269363,-2)
(595,674,300.287277,-2)
(589,677,300.216751,-2)
(584,680,300.051773,-2)
(579,683,299.781799,-2)
(574,686,299.390350,-2)
(568,689,298.852524,-2)
(563,692,298.130524,-2)
(558,695,297.165863,-2)
(555,696,298.442932,-2)
(550,699,298.346207,-2)
(544,702,298.237839,-2)
(539,705,298.117493,-2)
(534,707,297.983948,-2)
(528,710,297.835449,-2)
(523,713,297.669632,-2)
(518,716,297.483109,-2)
(512,719,297.271469,-2)
(507,721,297.028580,-2)
(501,724,296.746002,-2)
(496,727,296.411545,-2)
(491,730,296.006836,-2)
(485,732,295.502991,-2)
(480,735,294.851059,-2)
(477,736,294.443954,-2)
(472,738,294.532730,-2)
(466,741,294.568893,-2)
(461,743,294.573959,-2)
(455,746,294.556503,-2)
(450,748,294.519501,-2)
(444,751,294.462860,-2)
(439,753,294.383926,-2)
(433,756,294.276764,-2)
(428,758,294.130386,-2)
(422,761,293.923553,-2)
(417,763,293.610840,-2)
(411,766,293.072495,-2)
(406,768,291.822098,-2)
(403,769,291.822098,-2)
(401,770,291.822098,-2)
(396,772,291.822098,-2)
(391,774,291.822098,-2)
(386,776,291.822098,-2)
(381,778,291.822098,-2)
(376,780,291.822098,-2)
(371,782,291.822098,-2)
(366,784,291.822098,-2)
(361,786,291.822098,-2)
(356,788,291.822098,-2)
