1,2,3,4,6,8,9,10,11
(111,-90,65.794273,-2)
(120,-86,65.794273,-2)
(129,-82,65.794273,-2)
(138,-78,65.794273,-2)
(147,-74,65.794273,-2)
(156,-70,65.794273,-2)
(165,-66,65.794273,-2)
(174,-62,65.794273,-2)
(183,-58,65.794273,-2)
(192,-54,65.794273,-2)
(201,-50,65.794273,-2)
(211,-46,65.794273,-2)
(220,-42,65.109156,-2)
(230,-37,65.290686,-2)
(240,-33,65.942495,-2)
(249,-29,67.040304,-2)
(259,-25,68.737930,-2)
(269,-21,71.468109,-2)
(279,-18,71.468109,-2)
(284,-17,79.575942,-2)
(294,-16,83.664769,-2)
(304,-15,86.109637,-2)
(314,-14,87.541228,-2)
(324,-14,87.541228,-2)
(334,-13,88.286052,-2)
(344,-13,88.286052,-2)
(354,-13,88.286052,-2)
(364,-12,83.253450,-2)
(369,-11,80.909723,-2)
(379,-9,77.596078,-2)
(390,-7,75.433393,-2)
(400,-4,73.960983,-2)
(410,-1,72.964787,-2)
(420,1,72.348120,-2)
(430,5,72.091105,-2)
(440,8,72.257299,-2)
(450,11,72.257299,-2)
(455,13,70.084707,-2)
(465,16,68.007278,-2)
(474,21,66.686438,-2)
(484,25,65.871834,-2)
(494,29,65.456121,-2)
(503,33,65.416998,-2)
(513,38,65.814516,-2)
(522,42,66.847908,-2)
(527,44,65.556044,-2)
(536,48,65.904552,-2)
(546,52,66.210354,-2)
(555,56,66.504393,-2)
(564,60,66.807524,-2)
(574,64,67.139179,-2)
(583,68,67.523458,-2)
(593,72,67.997446,-2)
(602,76,67.997446,-2)
(607,78,68.200907,-2)
(616,82,67.652470,-2)
(626,86,67.347778,-2)
(635,90,67.198284,-2)
(644,93,67.169882,-2)
(654,97,67.256596,-2)
(663,101,67.477053,-2)
(673,105,67.886938,-2)
(682,109,67.886938,-2)
(687,111,66.736988,-2)
(696,115,67.080664,-2)
(706,119,67.319563,-2)
(716,123,67.492754,-2)
(725,127,67.619308,-2)
(735,131,67.708139,-2)
(745,135,67.760813,-2)
(754,139,67.769945,-2)
(759,141,68.629377,-2)
(769,145,67.901016,-2)
(778,149,67.393156,-2)
(788,153,67.002789,-2)
(798,157,66.680286,-2)
(807,161,66.396555,-2)
(817,165,66.130453,-2)
(826,170,65.860830,-2)
(836,174,65.860830,-2)
(841,176,66.066549,-2)
(850,180,65.321131,-2)
(859,185,64.646633,-2)
(868,189,63.976290,-2)
(877,193,63.260147,-2)
(886,198,62.444265,-2)
(895,203,61.451929,-2)
(904,208,60.147787,-2)
(913,213,60.147787,-2)
(917,216,57.714802,-2)
(926,222,56.545288,-2)
(935,227,55.173321,-2)
(944,234,53.514988,-2)
(952,240,51.433392,-2)
(960,247,48.690811,-2)
(968,254,44.830887,-2)
(975,262,38.851868,-2)
(978,266,36.384354,-2)
(984,275,30.300083,-2)
(988,284,26.063427,-2)
(993,293,22.795357,-2)
(996,302,20.056694,-2)
(1000,312,17.581566,-2)
(1003,322,15.163452,-2)
(1005,332,12.577667,-2)
(1007,342,12.577667,-2)
(1008,347,7.913712,-2)
(1009,357,5.417252,-2)
(1010,367,3.273834,-2)
(1010,377,3.273834,-2)
(1010,387,3.273834,-2)
(1010,397,3.273834,-2)
(1009,407,353.460785,-2)
(1007,417,349.329773,-2)
(1005,427,349.329773,-2)
(1003,432,339.350082,-2)
(999,441,334.017639,-2)
(995,450,330.138779,-2)
(989,459,326.944565,-2)
(983,467,324.035110,-2)
(977,475,321.126373,-2)
(971,483,317.922485,-2)
(964,490,313.970047,-2)
(956,497,313.970047,-2)
(952,500,304.410751,-2)
(943,505,299.090302,-2)
(934,510,295.584167,-2)
(925,514,293.075058,-2)
(916,518,291.178757,-2)
(906,522,289.694122,-2)
(896,525,288.511932,-2)
(887,528,287.582520,-2)
(877,531,287.582520,-2)
(872,532,286.486008,-2)
(863,535,285.644440,-2)
(853,538,284.799881,-2)
(843,540,283.899628,-2)
(833,543,282.891479,-2)
(824,545,281.708969,-2)
(814,547,280.251587,-2)
(804,548,278.344376,-2)
(799,549,277.125015,-2)
(789,550,275.879913,-2)
(779,551,274.947601,-2)
(768,552,274.168289,-2)
(758,553,273.457947,-2)
(748,553,273.457947,-2)
(738,554,272.011215,-2)
(727,554,272.011215,-2)
(717,554,272.011215,-2)
(712,554,272.011215,-2)
(702,554,272.011215,-2)
(692,554,272.011215,-2)
(682,553,268.189407,-2)
(671,553,268.189407,-2)
(661,553,268.189407,-2)
(651,552,266.598053,-2)
(641,551,265.869476,-2)
(636,551,265.869476,-2)
(626,550,264.907928,-2)
(616,549,263.325317,-2)
(606,548,262.330826,-2)
(596,547,261.711792,-2)
(586,545,261.378937,-2)
(576,544,261.310822,-2)
(566,542,261.548477,-2)
(556,541,262.240997,-2)
(551,540,262.874985,-2)
(541,539,262.654190,-2)
(531,537,262.201874,-2)
(521,536,261.546417,-2)
(511,534,260.680145,-2)
(501,533,259.566803,-2)
(491,531,258.136536,-2)
(482,529,256.266891,-2)
(472,526,256.266891,-2)
(467,524,252.201431,-2)
(457,521,250.123489,-2)
(447,517,248.795227,-2)
(437,513,247.901260,-2)
(428,509,247.301605,-2)
(418,505,246.933960,-2)
(408,501,246.784561,-2)
(399,497,246.889709,-2)
(389,493,246.889709,-2)
(384,491,247.603241,-2)
(375,487,247.628052,-2)
(365,483,247.241867,-2)
(356,479,246.509155,-2)
(346,475,245.419846,-2)
(337,470,243.903427,-2)
(328,466,241.810883,-2)
(319,461,238.855774,-2)
(310,455,238.855774,-2)
(306,452,233.002640,-2)
(298,446,230.641525,-2)
(290,439,228.666733,-2)
(283,432,226.839478,-2)
(275,425,225.000641,-2)
(268,418,222.999725,-2)
(261,410,220.637848,-2)
(255,402,217.569176,-2)
(249,394,217.569176,-2)
(246,390,213.580597,-2)
(241,381,211.832008,-2)
(235,372,209.785110,-2)
(231,364,207.279190,-2)
(226,354,204.058136,-2)
(222,345,199.666000,-2)
(219,335,193.202217,-2)
(218,325,182.718811,-2)
(218,320,182.718811,-2)
(220,310,161.943779,-2)
(224,300,154.919464,-2)
(229,291,150.270668,-2)
(234,282,146.746525,-2)
(240,274,143.764305,-2)
(246,266,140.958344,-2)
(253,258,137.976021,-2)
(260,251,134.226871,-2)
(264,247,129.805573,-2)
(272,241,122.176567,-2)
(281,236,117.492695,-2)
(290,232,114.254526,-2)
(299,228,111.823956,-2)
(308,224,109.881210,-2)
(318,221,108.240910,-2)
(328,218,106.774757,-2)
(337,215,105.361608,-2)
(342,214,104.036243,-2)
(352,212,100.807905,-2)
(362,210,98.443573,-2)
(372,209,96.586897,-2)
(382,208,95.045850,-2)
(392,207,93.701772,-2)
(403,206,92.468804,-2)
(413,206,92.468804,-2)
(423,206,92.468804,-2)
(428,206,92.468804,-2)
(438,206,92.468804,-2)
(448,207,87.796152,-2)
(458,207,87.796152,-2)
(468,208,86.498265,-2)
(478,208,86.498265,-2)
(488,209,85.125313,-2)
(498,210,84.271903,-2)
(508,211,84.271903,-2)
(513,212,82.592778,-2)
(524,213,81.604065,-2)
(534,215,80.694626,-2)
(544,216,79.781678,-2)
(554,218,78.797055,-2)
(565,221,77.661536,-2)
(575,223,76.254852,-2)
(585,226,74.351212,-2)
(590,227,73.072487,-2)
(600,230,71.637371,-2)
(610,234,69.912722,-2)
(620,237,67.845194,-2)
(629,241,65.326033,-2)
(638,246,62.177917,-2)
(648,251,58.113443,-2)
(656,257,52.654892,-2)
(664,264,52.654892,-2)
(668,268,41.587467,-2)
(674,276,37.205318,-2)
(680,284,34.355865,-2)
(686,293,32.225662,-2)
(691,302,30.465946,-2)
(696,311,28.883221,-2)
(701,320,27.334141,-2)
(706,329,25.664177,-2)
(710,338,23.619240,-2)
(714,348,23.619240,-2)
(716,353,18.481644,-2)
(719,363,14.987267,-2)
(721,372,12.066948,-2)
(723,382,9.483246,-2)
(724,392,7.068611,-2)
(725,403,4.679947,-2)
(726,413,2.161392,-2)
(726,423,2.161392,-2)
(726,428,2.161392,-2)
(726,438,2.161392,-2)
(724,448,351.754639,-2)
(723,459,349.231781,-2)
(721,469,347.177551,-2)
(718,479,345.386871,-2)
(715,488,343.711258,-2)
(712,498,342.000519,-2)
(709,508,342.000519,-2)
(707,513,339.789856,-2)
(703,522,336.292511,-2)
(699,532,334.019318,-2)
(695,541,332.448120,-2)
(690,550,331.341263,-2)
(685,559,330.588104,-2)
(680,568,330.155746,-2)
(675,577,330.092957,-2)
(672,581,331.389542,-2)
(667,590,330.404648,-2)
(662,599,329.573425,-2)
(657,607,328.788879,-2)
(652,616,327.984741,-2)
(646,624,327.101822,-2)
(641,633,326.066147,-2)
(635,641,324.759842,-2)
(629,649,322.951813,-2)
(626,653,321.709839,-2)
(619,661,318.659744,-2)
(613,668,317.026962,-2)
(605,676,315.978729,-2)
(598,683,315.243256,-2)
(591,690,314.708557,-2)
(584,698,314.336151,-2)
(576,705,314.175613,-2)
(569,712,314.175613,-2)
(569,712,314.175613,-2)
(563,718,314.175613,-2)
(557,724,314.175613,-2)
(551,730,314.175613,-2)
(545,736,314.175613,-2)
(539,742,314.175613,-2)
(533,748,314.175613,-2)
(527,754,314.175613,-2)
(521,760,314.175613,-2)
(515,766,314.175613,-2)
(509,772,314.175613,-2)
