1,2,3,4,6,8,9,10,11
(-210,295,107.125513,-2)
(-200,292,107.125513,-2)
(-190,289,107.125513,-2)
(-180,286,107.125513,-2)
(-170,283,107.125513,-2)
(-160,280,107.125513,-2)
(-150,277,107.125513,-2)
(-140,274,107.125513,-2)
(-130,271,107.125513,-2)
(-120,268,107.125513,-2)
(-110,265,107.125513,-2)
(-100,262,107.125513,-2)
(-90,259,107.502846,-2)
(-80,256,107.676649,-2)
(-70,253,107.772257,-2)
(-61,250,107.823950,-2)
(-51,246,107.842142,-2)
(-41,243,107.823889,-2)
(-31,240,107.823889,-2)
(-26,238,108.381325,-2)
(-17,235,109.137152,-2)
(-7,232,109.512705,-2)
(1,228,109.659058,-2)
(11,225,109.632162,-2)
(21,222,109.444212,-2)
(30,218,109.074516,-2)
(40,215,108.459381,-2)
(49,212,107.448029,-2)
(59,209,107.448029,-2)
(64,208,105.645926,-2)
(74,205,105.614104,-2)
(84,202,105.538880,-2)
(94,199,105.422630,-2)
(104,196,105.260929,-2)
(115,194,105.042162,-2)
(125,191,104.743623,-2)
(135,188,104.320772,-2)
(140,187,104.036243,-2)
(150,185,103.601186,-2)
(160,182,103.187619,-2)
(169,180,102.766881,-2)
(179,178,102.315365,-2)
(189,176,101.807137,-2)
(199,174,101.207129,-2)
(209,172,100.459564,-2)
(219,170,100.459564,-2)
(224,169,99.403363,-2)
(234,167,99.766256,-2)
(244,166,99.902972,-2)
(254,164,99.878728,-2)
(264,162,99.713125,-2)
(275,160,99.397432,-2)
(285,159,98.892881,-2)
(295,157,98.110257,-2)
(305,156,98.110257,-2)
(310,155,95.950772,-2)
(321,154,94.661486,-2)
(331,154,94.661486,-2)
(342,153,93.148394,-2)
(352,153,93.148394,-2)
(363,152,92.399856,-2)
(373,152,92.399856,-2)
(384,151,92.272467,-2)
(389,151,92.272467,-2)
(399,151,92.272467,-2)
(409,151,92.272467,-2)
(419,150,91.944803,-2)
(429,150,91.944803,-2)
(439,150,91.944803,-2)
(449,149,91.625422,-2)
(459,149,91.625422,-2)
(469,149,91.625422,-2)
(474,149,91.625422,-2)
(485,149,91.625422,-2)
(495,149,91.625422,-2)
(506,149,91.625422,-2)
(516,150,89.055606,-2)
(527,150,89.055606,-2)
(537,150,89.055606,-2)
(548,150,89.055606,-2)
(553,150,89.055606,-2)
(563,150,89.055606,-2)
(573,150,89.055606,-2)
(583,150,89.055606,-2)
(594,150,89.055606,-2)
(604,150,89.055606,-2)
(614,150,89.055606,-2)
(624,151,88.370697,-2)
(634,151,88.370697,-2)
(639,151,88.370697,-2)
(650,152,84.765919,-2)
(660,153,83.621522,-2)
(670,154,82.793468,-2)
(681,156,82.166971,-2)
(691,157,81.683013,-2)
(701,159,81.312020,-2)
(712,160,81.046458,-2)
(722,162,81.046458,-2)
(727,163,80.147748,-2)
(737,165,78.929766,-2)
(748,167,77.954222,-2)
(758,169,77.108295,-2)
(768,171,76.321527,-2)
(778,174,75.536922,-2)
(788,177,74.691406,-2)
(798,180,73.688179,-2)
(803,181,73.739796,-2)
(813,184,70.715887,-2)
(822,188,68.732552,-2)
(832,192,67.409527,-2)
(841,196,66.566793,-2)
(851,200,66.128139,-2)
(860,204,66.092573,-2)
(870,208,66.547468,-2)
(879,212,66.547468,-2)
(884,214,68.855934,-2)
(894,218,69.078424,-2)
(903,221,69.095434,-2)
(913,225,68.955624,-2)
(923,229,68.664946,-2)
(933,233,68.197453,-2)
(943,237,67.484480,-2)
(952,241,66.369600,-2)
(957,243,63.434950,-2)
(966,248,63.976137,-2)
(976,252,63.618782,-2)
(985,257,62.586832,-2)
(994,262,60.893480,-2)
(1003,267,58.411133,-2)
(1011,273,54.844746,-2)
(1020,279,49.619526,-2)
(1027,286,49.619526,-2)
(1030,290,39.363209,-2)
(1036,298,35.874752,-2)
(1042,306,33.010380,-2)
(1048,315,30.321251,-2)
(1052,324,27.530323,-2)
(1057,333,24.372368,-2)
(1061,342,20.481735,-2)
(1064,352,15.205635,-2)
(1066,362,15.205635,-2)
(1066,367,15.205635,-2)
(1067,377,1.240242,-2)
(1066,388,355.175568,-2)
(1065,398,352.173981,-2)
(1063,408,349.371735,-2)
(1061,418,346.481750,-2)
(1059,428,343.176636,-2)
(1055,438,338.903915,-2)
(1051,447,338.903915,-2)
(1049,451,329.017212,-2)
(1043,460,322.724197,-2)
(1036,468,318.378693,-2)
(1029,475,315.097778,-2)
(1022,482,312.432037,-2)
(1014,489,310.113174,-2)
(1007,495,307.941208,-2)
(998,501,305.702850,-2)
(990,507,305.702850,-2)
(986,510,303.318649,-2)
(977,515,300.606537,-2)
(968,521,298.343155,-2)
(959,525,296.261948,-2)
(949,530,294.187363,-2)
(940,534,291.959335,-2)
(930,537,289.376740,-2)
(920,541,286.110519,-2)
(915,542,286.927505,-2)
(905,545,283.233200,-2)
(894,547,280.705078,-2)
(884,549,278.741974,-2)
(873,550,277.066208,-2)
(863,551,275.511627,-2)
(852,552,273.942871,-2)
(842,553,272.199463,-2)
(831,553,272.199463,-2)
(826,553,272.199463,-2)
(815,553,272.199463,-2)
(805,552,266.647461,-2)
(794,551,265.680496,-2)
(784,551,265.680496,-2)
(773,550,263.804733,-2)
(763,548,262.732849,-2)
(752,547,261.394913,-2)
(747,546,260.537674,-2)
(737,544,258.078934,-2)
(727,542,256.086792,-2)
(716,539,254.396866,-2)
(706,536,252.907776,-2)
(696,533,251.551926,-2)
(687,529,250.279877,-2)
(677,526,249.052200,-2)
(667,522,249.052200,-2)
(662,520,247.849792,-2)
(653,516,246.383163,-2)
(643,512,245.382889,-2)
(634,507,244.595428,-2)
(624,503,243.910339,-2)
(615,498,243.263763,-2)
(605,493,242.606201,-2)
(596,489,241.884308,-2)
(587,484,241.019531,-2)
(578,478,239.858505,-2)
(569,473,239.858505,-2)
(565,470,236.645920,-2)
(556,464,234.245544,-2)
(548,458,232.156769,-2)
(539,451,230.301514,-2)
(531,445,228.618744,-2)
(524,437,227.057678,-2)
(516,430,225.570938,-2)
(509,423,224.107010,-2)
(505,419,221.633545,-2)
(498,411,220.231293,-2)
(492,403,219.136322,-2)
(485,395,218.218170,-2)
(479,387,217.402939,-2)
(473,379,216.641418,-2)
(467,371,215.894753,-2)
(461,362,215.125137,-2)
(455,354,215.125137,-2)
(452,350,213.160568,-2)
(447,341,211.678871,-2)
(442,333,210.726746,-2)
(437,324,210.054260,-2)
(432,315,209.552498,-2)
(427,307,209.166626,-2)
(422,298,208.867348,-2)
(417,289,208.640686,-2)
(412,280,208.485703,-2)
(407,271,208.421722,-2)
(405,267,208.442924,-2)
(400,258,208.698120,-2)
(395,249,208.814774,-2)
(390,240,208.824844,-2)
(385,231,208.739044,-2)
(381,222,208.553696,-2)
(376,214,208.249680,-2)
(371,205,207.784767,-2)
(366,196,207.070595,-2)
(364,191,206.565048,-2)
(359,182,206.978264,-2)
(355,173,207.157898,-2)
(350,164,207.166183,-2)
(346,155,207.025146,-2)
(341,146,206.731476,-2)
(337,137,206.257401,-2)
(332,128,205.539345,-2)
(328,119,205.539345,-2)
(326,114,204.939026,-2)
(322,105,205.492584,-2)
(317,96,205.698021,-2)
(313,87,205.670006,-2)
(308,78,205.443054,-2)
(304,69,205.006470,-2)
(300,60,204.303627,-2)
(296,50,203.199883,-2)
(292,41,203.199883,-2)
(290,36,199.965210,-2)
(287,27,198.217285,-2)
(284,17,197.135147,-2)
(281,8,196.380028,-2)
(278,-1,195.816010,-2)
(276,-11,195.380722,-2)
(273,-20,195.054710,-2)
(270,-30,194.918030,-2)
(269,-36,194.918030,-2)
(267,-40,194.918030,-2)
(264,-50,194.918030,-2)
(261,-60,194.918030,-2)
(258,-70,194.918030,-2)
(255,-80,194.918030,-2)
(252,-90,194.918030,-2)
(249,-100,194.918030,-2)
(246,-110,194.918030,-2)
(243,-120,194.918030,-2)
(240,-130,194.918030,-2)
