4
(-276,182,90.000000,-2)
(-255,182,90.000000,-2)
(-234,182,90.000000,-2)
(-213,182,90.000000,-2)
(-192,182,90.000000,-2)
(-171,182,90.000000,-2)
(-150,182,90.000000,-2)
(-129,182,90.000000,-2)
(-108,182,90.000000,-2)
(-87,182,90.000000,-2)
(-66,182,90.000000,-2)
(-45,182,90.000000,-2)
(-24,181,91.729382,-2)
(-3,180,91.861870,-2)
(17,180,91.861870,-2)
(38,179,91.954774,-2)
(59,178,91.949809,-2)
(80,178,91.949809,-2)
(101,177,91.809607,-2)
(122,176,91.567416,-2)
(132,176,91.567416,-2)
(153,176,91.567416,-2)
(174,176,91.567416,-2)
(195,176,91.567416,-2)
(216,176,91.567416,-2)
(237,176,91.567416,-2)
(247,176,91.567416,-2)
(267,177,87.758520,-2)
(287,178,87.593910,-2)
(307,179,87.520201,-2)
(328,180,87.510885,-2)
(348,180,87.510885,-2)
(368,181,87.750606,-2)
(388,182,87.750606,-2)
(398,183,86.929683,-2)
(419,184,86.624362,-2)
(439,185,84.136830,-2)
(459,188,79.933234,-2)
(469,190,77.905243,-2)
(471,190,77.905243,-2)
(473,191,78.355973,4)
(475,191,78.355973,4)
(477,192,78.606910,4)
(479,192,78.606910,5)
(481,192,78.606910,5)
(483,193,78.749125,5)
(485,193,78.749125,6)
(487,194,78.735805,6)
(489,194,78.735805,6)
(491,194,78.735805,7)
(493,195,78.596813,7)
(495,195,78.596813,7)
(497,196,78.438353,8)
(499,196,78.438353,8)
(500,196,78.438353,8)
(502,197,78.114342,9)
(504,197,78.114342,9)
(506,198,77.843958,9)
(508,198,77.843958,10)
(510,198,77.843958,10)
(512,199,77.357305,10)
(514,199,77.357305,5)
(516,200,76.976789,5)
(518,200,76.976789,5)
(520,201,76.548175,6)
(522,201,76.548175,6)
(524,202,76.067281,6)
(526,202,76.067281,7)
(528,203,75.528504,7)
(530,203,75.528504,7)
(532,204,74.924552,8)
(534,204,74.924552,8)
(536,205,74.246047,8)
(538,205,74.246047,9)
(539,206,73.480944,9)
(541,206,73.480944,9)
(543,207,72.613710,10)
(545,208,72.135685,10)
(547,208,72.135685,10)
(549,209,71.075394,5)
(551,210,70.485439,5)
(553,210,70.485439,5)
(555,211,69.161772,6)
(557,212,68.415848,6)
(558,212,68.415848,6)
(560,213,66.716475,7)
(562,214,65.742487,7)
(564,215,64.668318,7)
(566,216,63.477467,8)
(568,217,62.149567,8)
(569,218,60.659424,8)
(571,219,58.975464,9)
(573,220,57.057816,9)
(574,221,54.856018,9)
(576,222,54.856018,10)
(582,228,43.866344,11)
(592,241,33.586197,12)
(601,255,27.548691,13)
(608,270,23.685013,14)
(614,286,21.165291,15)
(620,301,19.816620,-2)
(623,309,19.798882,-2)
(628,325,18.358932,-2)
(633,340,15.069496,-2)
(637,356,9.434563,-2)
(638,373,0.152115,-2)
(636,389,0.152115,-2)
(633,397,338.183105,-2)
(626,412,330.181747,-2)
(617,426,325.078201,-2)
(607,439,320.475754,-2)
(596,452,314.983871,-2)
(583,463,305.784348,-2)
(576,467,297.645981,4)
(574,468,295.076965,4)
(572,469,292.770370,4)
(571,469,292.770370,5)
(569,470,288.788605,5)
(567,471,287.051376,5)
(565,471,287.051376,6)
(563,472,283.966095,6)
(561,472,283.966095,6)
(559,473,281.284500,7)
(557,473,281.284500,7)
(555,473,281.284500,7)
(553,474,277.800751,8)
(551,474,277.800751,8)
(549,474,277.800751,8)
(547,474,277.800751,9)
(545,474,277.800751,9)
(543,475,272.892609,9)
(541,475,272.892609,10)
(539,475,272.892609,10)
(537,475,272.892609,10)
(535,475,272.892609,5)
(533,475,272.892609,5)
(531,475,272.892609,5)
(529,475,272.892609,6)
(527,474,266.016922,6)
(525,474,266.016922,6)
(523,474,266.016922,7)
(521,474,266.016922,7)
(519,474,266.016922,7)
(517,473,261.653442,8)
(515,473,261.653442,8)
(513,473,261.653442,8)
(511,472,258.786728,9)
(509,472,258.786728,9)
(507,471,256.693832,9)
(505,471,256.693832,10)
(503,470,254.394760,10)
(501,470,254.394760,10)
(499,469,251.818558,5)
(497,469,251.818558,5)
(496,468,248.868149,5)
(494,467,247.212021,6)
(492,466,245.406799,7)
(491,466,245.406799,8)
(482,461,236.388214,9)
(474,455,231.971863,10)
(467,449,228.910538,11)
(459,442,226.464630,12)
(452,435,224.292633,13)
(445,428,222.179749,14)
(439,420,219.932693,15)
(432,412,217.296509,-2)
(426,404,213.797607,-2)
(421,396,208.211327,-2)
(419,391,201.370621,-2)
(416,381,192.652916,-2)
(414,370,186.476608,-2)
(414,360,186.476608,-2)
(414,349,186.476608,-2)
(415,339,171.622086,-2)
(417,328,165.749336,-2)
(420,318,157.889565,-2)
(425,309,157.889565,-2)
(428,305,141.063927,-2)
(435,298,133.341049,-2)
(442,291,127.325825,-2)
(451,285,122.671295,-2)
(459,280,119.036730,-2)
(468,276,116.155249,-2)
(477,271,113.832855,-2)
(486,268,111.931255,-2)
(496,264,110.351631,-2)
(505,261,109.022539,-2)
(510,259,108.434948,-2)
(520,256,107.421310,-2)
(529,253,106.750553,-2)
(539,250,106.247082,-2)
(549,247,105.838399,-2)
(559,244,105.488110,-2)
(568,242,105.175391,-2)
(578,239,104.887106,-2)
(588,237,104.614218,-2)
(598,234,104.350061,-2)
(608,232,104.089271,-2)
(618,229,103.827191,-2)
(628,227,103.559482,-2)
(637,224,103.281713,-2)
(647,222,102.989080,-2)
(657,220,102.676029,-2)
(667,218,102.335768,-2)
(677,215,101.959598,-2)
(687,213,101.535855,-2)
(697,211,101.048157,-2)
(707,209,100.472409,-2)
(717,208,99.770944,-2)
(727,206,99.770944,-2)
(732,205,97.505218,-2)
(742,204,96.670053,-2)
(752,203,95.994315,-2)
(762,202,95.432288,-2)
(772,201,94.954621,-2)
(782,200,94.541513,-2)
(792,199,94.179047,-2)
(803,199,94.179047,-2)
(813,198,93.568117,-2)
(823,197,93.306317,-2)
(833,197,93.306317,-2)
(843,196,92.847095,-2)
(853,196,92.847095,-2)
(863,195,92.452897,-2)
(873,195,92.452897,-2)
(883,195,92.452897,-2)
(893,194,91.945555,-2)
(904,194,91.945555,-2)
(914,194,91.945555,-2)
(924,193,91.503523,-2)
(934,193,91.503523,-2)
(939,193,91.503523,-2)
(949,193,91.503523,-2)
(959,193,91.503523,-2)
(969,193,91.503523,-2)
(979,193,91.503523,-2)
(989,193,91.503523,-2)
(999,193,91.503523,-2)
(1009,193,91.503523,-2)
(1019,193,91.503523,-2)
(1024,193,91.503523,-2)
(1034,193,91.503523,-2)
(1044,193,91.503523,-2)
(1054,194,87.838404,-2)
(1064,194,87.838404,-2)
(1074,195,87.667562,-2)
(1085,195,87.667562,-2)
(1095,195,87.667562,-2)
(1105,196,88.426592,-2)
(1115,196,88.426592,-2)
(1125,196,88.426592,-2)
(1130,196,88.426592,-2)
(1140,196,88.426592,-2)
(1150,196,88.426592,-2)
(1161,196,88.426592,-2)
(1171,196,88.426592,-2)
(1181,196,88.426592,-2)
(1191,196,88.426592,-2)
(1201,196,88.426592,-2)
(1212,196,88.426592,-2)
(1222,196,88.426592,-2)
(1232,196,88.426592,-2)
(1242,196,88.426592,-2)
(1252,196,88.426592,-2)
(1263,196,88.426592,-2)
(1273,196,88.426592,-2)
(1278,196,88.426592,-2)
(1288,196,88.426592,-2)
(1299,196,88.426592,-2)
(1309,196,88.426592,-2)
(1319,196,88.426592,-2)
(1329,197,88.839051,-2)
(1340,197,88.839051,-2)
(1350,197,88.839051,-2)
(1360,197,88.839051,-2)
(1370,198,88.716980,-2)
(1381,198,88.716980,-2)
(1391,198,88.716980,-2)
(1396,198,88.716980,-2)
(1401,198,88.716980,-2)
(1411,198,88.716980,-2)
(1421,198,88.716980,-2)
(1431,198,88.716980,-2)
(1441,198,88.716980,-2)
(1451,198,88.716980,-2)
(1461,198,88.716980,-2)
(1471,198,88.716980,-2)
(1481,198,88.716980,-2)
(1491,198,88.716980,-2)
