8,9,10,11
(1550,564,277.984756,-2)
(1533,566,277.984756,-2)
(1516,568,277.984756,-2)
(1499,570,277.984756,-2)
(1482,572,277.984756,-2)
(1465,574,277.984756,-2)
(1448,576,277.984756,-2)
(1431,578,277.984756,-2)
(1414,580,277.984756,-2)
(1397,582,277.984756,-2)
(1380,584,277.984756,-2)
(1363,586,277.984756,-2)
(1345,589,278.292770,-2)
(1328,591,278.250641,-2)
(1310,594,277.919998,-2)
(1293,596,277.919998,-2)
(1285,597,277.316010,-2)
(1269,599,277.572556,-2)
(1253,601,277.128693,-2)
(1236,603,275.989395,-2)
(1220,605,273.897552,-2)
(1212,605,273.897552,-2)
(1196,606,273.891296,-2)
(1180,607,273.458466,-2)
(1164,608,273.116699,-2)
(1148,609,272.796097,-2)
(1132,610,272.433594,-2)
(1124,610,272.433594,-2)
(1107,611,272.694321,-2)
(1090,612,272.845261,-2)
(1073,612,272.845261,-2)
(1056,613,272.694275,-2)
(1039,614,272.694275,-2)
(1031,614,272.694275,-2)
(1014,615,273.649704,-2)
(998,616,273.493912,-2)
(982,617,272.725845,-2)
(965,618,271.194901,-2)
(957,618,271.194901,-2)
(940,619,271.837082,-2)
(924,619,271.837082,-2)
(907,619,271.837082,-2)
(890,620,270.859329,-2)
(873,620,270.859329,-2)
(865,620,270.859329,-2)
(848,620,270.859329,-2)
(831,619,266.911530,-2)
(814,618,266.510956,-2)
(797,617,266.686722,-2)
(780,616,266.686722,-2)
(772,616,266.686722,-2)
(755,615,267.984055,-2)
(738,614,268.025085,-2)
(722,614,268.025085,-2)
(705,613,267.841476,-2)
(697,613,267.841476,-2)
(680,613,267.841476,-2)
(663,612,266.869690,-2)
(645,611,266.570526,-2)
(628,610,266.849197,-2)
(611,609,266.849197,-2)
(603,609,266.849197,-2)
(587,608,266.814133,-2)
(571,607,266.456955,-2)
(554,606,266.204239,-2)
(538,605,266.007706,-2)
(522,604,265.841614,-2)
(514,603,267.878906,-2)
(497,602,265.416534,-2)
(480,600,264.280685,-2)
(464,599,264.161606,-2)
(447,597,265.122070,-2)
(430,596,265.122070,-2)
(422,596,265.122070,-2)
(406,595,267.065918,-2)
(389,594,266.987228,-2)
(373,593,267.065948,-2)
(357,592,267.345566,-2)
(349,592,267.345566,-2)
(332,591,267.746124,-2)
(315,591,267.746124,-2)
(299,590,266.684052,-2)
(282,589,265.441544,-2)
(265,587,265.441544,-2)
(256,586,264.430725,-2)
(239,584,262.755447,-2)
(222,582,261.081802,-2)
(205,579,259.046127,-2)
(188,575,256.052094,-2)
(180,573,253.739792,-2)
(164,568,251.271469,-2)
(148,562,248.409927,-2)
(132,555,244.494843,-2)
(117,547,238.174026,-2)
(104,537,238.174026,-2)
(98,531,219.908951,-2)
(89,518,213.937531,-2)
(80,504,208.841576,-2)
(73,489,202.013214,-2)
(69,473,186.528481,-2)
(69,465,186.528481,-2)
(80,453,125.946480,-2)
(94,444,116.467533,-2)
(109,438,111.483892,-2)
(124,432,107.645699,-2)
(140,428,107.645699,-2)
(148,427,94.953337,-2)
(164,426,90.869382,-2)
(180,427,86.402279,-2)
(196,428,85.452355,-2)
(212,430,86.228665,-2)
(220,430,86.228665,-2)
(237,431,84.246501,-2)
(254,433,82.515185,-2)
(271,436,81.461327,-2)
(287,438,80.808326,-2)
(304,441,80.808326,-2)
(312,443,76.974706,-2)
(329,447,74.912482,-2)
(346,452,73.803801,-2)
(362,457,73.290079,-2)
(379,462,73.365498,-2)
(387,464,74.357754,-2)
(403,469,72.061962,-2)
(420,474,71.277311,-2)
(436,480,71.478474,-2)
(452,485,72.752741,-2)
(469,490,72.752741,-2)
(477,492,77.198044,-2)
(493,495,78.556274,-2)
(509,499,78.984325,-2)
(526,502,78.682365,-2)
(542,505,77.538212,-2)
(550,507,77.005383,-2)
(567,511,75.728586,-2)
(584,515,75.516294,-2)
(601,520,75.909448,-2)
(617,524,76.952830,-2)
(634,528,79.163290,-2)
(643,529,81.573031,-2)
(660,531,82.765197,-2)
(677,533,83.691389,-2)
(694,535,84.458887,-2)
(711,537,85.133003,-2)
(728,538,85.133003,-2)
(736,539,85.530490,-2)
(752,540,85.449327,-2)
(768,541,85.667733,-2)
(784,542,86.149397,-2)
(800,543,86.997669,-2)
(816,544,88.577960,-2)
(824,544,88.577960,-2)
(840,544,88.577960,-2)
(857,545,89.558635,-2)
(873,545,89.558635,-2)
(890,545,89.558635,-2)
(906,544,89.558635,-2)
(914,544,89.558635,-2)
(931,542,95.700768,-2)
(947,540,97.798639,-2)
(963,538,100.408097,-2)
(979,534,104.404874,-2)
(987,532,107.650124,-2)
(1002,526,113.416050,-2)
(1017,519,116.808727,-2)
(1031,512,119.340170,-2)
(1045,504,121.646217,-2)
(1058,495,121.646217,-2)
(1065,490,124.875332,-2)
(1078,481,126.990459,-2)
(1091,471,130.550465,-2)
(1103,459,136.704887,-2)
(1113,446,149.726563,-2)
(1116,439,163.300758,-2)
(1118,422,179.225235,-2)
(1117,405,187.078369,-2)
(1114,389,194.603096,-2)
(1108,373,206.018494,-2)
(1098,360,206.018494,-2)
(1091,357,255.729843,-2)
(1075,355,269.231003,-2)
(1059,356,274.184631,-2)
(1043,357,276.501358,-2)
(1027,359,277.321701,-2)
(1011,361,276.389221,-2)
(1003,362,276.581940,-2)
(986,365,280.358902,-2)
(970,368,282.390030,-2)
(954,372,283.235748,-2)
(937,375,282.991257,-2)
(921,379,282.991257,-2)
(913,381,282.471283,-2)
(896,385,283.123672,-2)
(879,389,283.238708,-2)
(862,392,282.943436,-2)
(845,396,282.101868,-2)
(837,398,281.309937,-2)
(820,402,281.765961,-2)
(803,405,281.525070,-2)
(786,408,280.754288,-2)
(768,412,279.307083,-2)
(751,414,279.307083,-2)
(743,415,275.438141,-2)
(727,416,273.665909,-2)
(711,417,272.513596,-2)
(695,418,271.630829,-2)
(679,418,271.630829,-2)
(663,418,271.630829,-2)
(655,418,271.630829,-2)
(639,418,271.630829,-2)
(623,418,271.630829,-2)
(607,418,271.630829,-2)
(591,418,271.630829,-2)
(583,418,271.630829,-2)
(567,417,266.526260,-2)
(551,416,265.760864,-2)
(535,415,265.174316,-2)
(519,413,264.663483,-2)
(503,412,264.158768,-2)
(495,411,265.914383,-2)
(478,410,264.371277,-2)
(461,408,263.666031,-2)
(444,406,263.350296,-2)
(427,404,263.308289,-2)
(410,402,263.556778,-2)
(393,400,263.556778,-2)
(385,399,266.666809,-2)
(369,399,266.666809,-2)
(353,398,266.976608,-2)
(336,397,266.440628,-2)
(320,396,265.311890,-2)
(304,394,263.032867,-2)
(296,393,260.909729,-2)
(280,390,257.608307,-2)
(265,386,254.480988,-2)
(249,381,250.889801,-2)
(234,375,245.992233,-2)
(220,368,245.992233,-2)
(213,363,233.899933,-2)
(200,353,228.700089,-2)
(189,342,224.272003,-2)
(178,330,219.208298,-2)
(168,316,211.647858,-2)
(164,309,206.565048,-2)
(158,294,198.764748,-2)
(153,278,193.566521,-2)
(150,261,187.649986,-2)
(149,245,182.309875,-2)
(153,229,182.309875,-2)
(158,223,130.489506,-2)
(172,214,117.355495,-2)
(187,207,110.825653,-2)
(203,202,105.707584,-2)
(219,199,100.016735,-2)
(235,197,100.016735,-2)
(243,198,81.697359,-2)
(259,201,73.098293,-2)
(275,207,68.973423,-2)
(290,213,66.947586,-2)
(305,220,66.437155,-2)
(320,226,67.902279,-2)
(328,229,70.201122,-2)
(344,235,67.347319,-2)
(359,242,65.950182,-2)
(374,249,65.598331,-2)
(390,256,66.310888,-2)
(405,262,66.310888,-2)
(413,265,69.113676,-2)
(429,271,69.010216,-2)
(445,277,69.434008,-2)
(461,283,70.402149,-2)
(477,289,72.227337,-2)
(485,291,73.739796,-2)
(501,296,73.480650,-2)
(517,300,74.201095,-2)
(533,305,75.785430,-2)
(549,308,78.495698,-2)
(565,311,78.495698,-2)
(573,312,82.757345,-2)
(591,314,84.692351,-2)
(608,315,85.930972,-2)
(625,317,86.822655,-2)
(642,317,86.822655,-2)
(659,318,86.822655,-2)
(667,318,86.822655,-2)
(683,319,89.115346,-2)
(699,319,89.115346,-2)
(715,319,89.115346,-2)
(732,319,89.115346,-2)
(748,319,89.115346,-2)
(764,319,89.115346,-2)
(772,319,89.115346,-2)
(788,319,89.115346,-2)
(805,318,92.682029,-2)
(821,317,94.045107,-2)
(838,316,95.514681,-2)
(854,314,97.181889,-2)
(862,313,96.115504,-2)
(879,311,99.494360,-2)
(895,308,101.238436,-2)
(911,304,102.289607,-2)
(928,301,102.932173,-2)
(944,297,103.229430,-2)
(960,293,103.229430,-2)
(968,291,103.410346,-2)
(984,287,104.883883,-2)
(1000,283,106.132608,-2)
(1016,278,107.293119,-2)
(1032,273,108.498131,-2)
(1040,270,106.260204,-2)
(1057,266,104.546516,-2)
(1073,261,105.740183,-2)
(1090,256,109.276691,-2)
(1105,249,117.430620,-2)
(1119,239,117.430620,-2)
(1123,232,157.625908,-2)
(1128,215,169.639030,-2)
(1129,199,177.006348,-2)
(1129,182,177.006348,-2)
(1126,165,199.806969,-2)
(1122,158,222.709396,-2)
(1108,151,253.951569,-2)
(1092,147,262.039398,-2)
(1076,146,265.700180,-2)
(1059,145,267.597687,-2)
(1043,144,268.239594,-2)
(1035,144,268.239594,-2)
(1019,144,268.239594,-2)
(1002,144,268.239594,-2)
(986,145,272.448318,-2)
(970,146,272.755127,-2)
(953,146,272.755127,-2)
(937,147,272.755127,-2)
(928,147,272.755127,-2)
(911,149,275.677902,-2)
(894,151,276.517258,-2)
(877,153,276.519852,-2)
(860,155,275.701721,-2)
(843,156,275.701721,-2)
(835,157,275.740631,-2)
(818,158,275.649368,-2)
(802,160,275.424423,-2)
(785,162,275.068207,-2)
(769,163,274.527756,-2)
(752,164,273.654999,-2)
(736,165,273.654999,-2)
(728,166,274.124954,-2)
(712,167,274.182190,-2)
(696,168,273.890472,-2)
(679,169,273.226440,-2)
(663,170,272.053467,-2)
(647,170,272.053467,-2)
(639,170,272.053467,-2)
(623,170,272.053467,-2)
(607,170,272.053467,-2)
(591,170,272.053467,-2)
(575,169,268.718872,-2)
(559,169,268.718872,-2)
(551,169,268.718872,-2)
(534,168,265.632645,-2)
(518,166,264.480865,-2)
(501,164,263.281921,-2)
(485,162,261.834229,-2)
(477,161,260.537674,-2)
(460,158,258.127731,-2)
(444,154,256.722061,-2)
(427,150,255.685974,-2)
(410,146,254.767334,-2)
(394,141,254.767334,-2)
(386,138,251.251282,-2)
(371,133,248.953568,-2)
(356,127,247.687469,-2)
(341,121,247.093246,-2)
(326,114,247.103088,-2)
(318,111,247.380142,-2)
(303,105,247.093826,-2)
(288,99,246.767471,-2)
(274,92,246.361801,-2)
(259,86,245.813141,-2)
(244,79,244.981064,-2)
(230,72,244.981064,-2)
(222,68,242.736191,-2)
(207,60,241.833252,-2)
(192,52,241.327316,-2)
(177,43,241.103683,-2)
(162,35,241.180695,-2)
(154,31,241.389542,-2)
(139,23,240.582809,-2)
(125,15,240.603210,-2)
(110,6,241.229797,-2)
(95,-1,242.623459,-2)
(80,-8,242.623459,-2)
(72,-12,244.129013,-2)
(57,-19,244.855667,-2)
(42,-26,245.306992,-2)
(27,-33,245.709244,-2)
(12,-40,246.318497,-2)
(4,-44,246.318497,-2)
(-3,-46,246.318497,-2)
(-18,-52,246.318497,-2)
(-33,-58,246.318497,-2)
(-48,-64,246.318497,-2)
(-63,-70,246.318497,-2)
(-78,-76,246.318497,-2)
(-93,-82,246.318497,-2)
(-108,-88,246.318497,-2)
(-123,-94,246.318497,-2)
(-138,-100,246.318497,-2)
