8,9,10,11
(1366,807,195.296684,-2)
(1363,797,195.296684,-2)
(1360,787,195.296684,-2)
(1357,777,195.296684,-2)
(1354,767,195.296684,-2)
(1351,757,195.296684,-2)
(1348,747,195.296684,-2)
(1345,737,195.296684,-2)
(1342,727,195.296684,-2)
(1339,717,195.296684,-2)
(1336,707,195.296684,-2)
(1333,697,195.296684,-2)
(1331,687,195.552177,-2)
(1328,677,195.669243,-2)
(1325,666,195.732719,-2)
(1322,656,195.765900,-2)
(1319,646,195.775787,-2)
(1316,636,195.760368,-2)
(1313,626,195.703255,-2)
(1312,621,196.260208,-2)
(1309,611,197.008614,-2)
(1306,601,197.370674,-2)
(1303,591,197.471252,-2)
(1300,581,197.356270,-2)
(1297,571,197.027519,-2)
(1294,561,196.447823,-2)
(1291,551,195.521729,-2)
(1288,541,195.521729,-2)
(1287,536,193.809784,-2)
(1284,526,193.410080,-2)
(1282,515,193.032791,-2)
(1279,505,192.642082,-2)
(1277,494,192.207451,-2)
(1275,484,191.690689,-2)
(1273,474,191.030563,-2)
(1271,463,190.104935,-2)
(1270,458,189.462326,-2)
(1268,448,189.295937,-2)
(1267,438,189.198540,-2)
(1265,428,189.146553,-2)
(1263,418,189.130180,-2)
(1262,408,189.146584,-2)
(1260,398,189.198517,-2)
(1259,388,189.296112,-2)
(1257,378,189.296112,-2)
(1256,373,190.234787,-2)
(1254,363,191.398430,-2)
(1252,353,192.245697,-2)
(1250,343,192.898148,-2)
(1248,333,193.420059,-2)
(1245,324,193.847900,-2)
(1243,314,194.203499,-2)
(1240,304,194.497139,-2)
(1239,299,194.620872,-2)
(1236,289,195.480698,-2)
(1234,279,196.276070,-2)
(1231,269,197.089241,-2)
(1227,260,197.980797,-2)
(1224,250,199.017471,-2)
(1221,240,200.296074,-2)
(1217,230,201.986252,-2)
(1213,221,201.986252,-2)
(1211,216,204.291061,-2)
(1207,207,204.663818,-2)
(1202,198,205.695152,-2)
(1198,188,207.328453,-2)
(1193,179,209.663101,-2)
(1187,171,212.957420,-2)
(1182,162,217.730034,-2)
(1175,154,225.017914,-2)
(1171,151,228.576340,-2)
(1163,145,234.829926,-2)
(1154,139,238.782669,-2)
(1145,134,242.075912,-2)
(1136,129,245.357834,-2)
(1126,125,249.154999,-2)
(1116,122,254.285934,-2)
(1106,120,262.793503,-2)
(1096,120,262.793503,-2)
(1091,122,299.679214,-2)
(1083,128,314.541275,-2)
(1077,136,321.767349,-2)
(1071,144,326.000214,-2)
(1065,153,328.756882,-2)
(1060,162,330.633347,-2)
(1055,170,331.864807,-2)
(1050,179,332.438721,-2)
(1048,184,334.536652,-2)
(1044,194,337.021149,-2)
(1040,203,338.805817,-2)
(1036,213,340.321121,-2)
(1033,223,341.767395,-2)
(1029,233,343.287674,-2)
(1027,243,345.039658,-2)
(1024,254,347.274963,-2)
(1022,264,347.274963,-2)
(1021,269,355.078278,-2)
(1021,280,355.078278,-2)
(1021,290,355.078278,-2)
(1021,301,355.078278,-2)
(1021,311,355.078278,-2)
(1021,322,355.078278,-2)
(1022,332,1.733620,-2)
(1022,343,1.733620,-2)
(1022,348,1.733620,-2)
(1022,358,1.733620,-2)
(1022,369,1.733620,-2)
(1022,379,1.733620,-2)
(1022,390,1.733620,-2)
(1022,400,1.733620,-2)
(1022,410,1.733620,-2)
(1022,421,1.733620,-2)
(1022,431,1.733620,-2)
(1022,436,1.733620,-2)
(1023,446,3.351013,-2)
(1023,457,3.351013,-2)
(1024,467,3.068680,-2)
(1024,477,3.068680,-2)
(1024,488,3.068680,-2)
(1024,498,3.068680,-2)
(1022,508,347.547974,-2)
(1019,518,347.547974,-2)
(1016,522,326.964706,-2)
(1010,531,318.646835,-2)
(1003,538,312.936081,-2)
(995,545,308.151382,-2)
(986,551,303.463272,-2)
(978,556,298.148956,-2)
(968,561,291.085220,-2)
(958,564,279.580688,-2)
(953,564,279.580688,-2)
(943,563,255.067703,-2)
(933,559,247.525970,-2)
(924,555,242.843903,-2)
(915,550,239.506760,-2)
(906,545,236.869843,-2)
(898,539,234.583237,-2)
(890,533,232.381943,-2)
(882,526,229.920822,-2)
(878,523,228.366455,-2)
(871,516,223.697052,-2)
(864,508,220.282913,-2)
(857,500,217.474648,-2)
(851,492,214.936081,-2)
(845,483,212.435493,-2)
(840,474,209.747437,-2)
(835,465,206.556152,-2)
(831,456,206.556152,-2)
(829,451,199.322395,-2)
(826,441,195.210266,-2)
(824,431,192.461693,-2)
(822,421,190.512016,-2)
(820,411,189.091209,-2)
(818,401,188.065849,-2)
(817,390,187.385780,-2)
(816,380,187.084190,-2)
(815,375,187.125015,-2)
(814,365,185.454048,-2)
(813,355,184.333839,-2)
(812,344,183.541557,-2)
(812,334,183.541557,-2)
(811,324,182.570160,-2)
(811,314,182.570160,-2)
(810,303,182.209961,-2)
(810,293,182.209961,-2)
(810,288,182.209961,-2)
(810,278,182.209961,-2)
(810,268,182.209961,-2)
(810,258,182.209961,-2)
(810,248,182.209961,-2)
(810,238,182.209961,-2)
(810,228,182.209961,-2)
(809,218,185.498787,-2)
(808,208,185.498787,-2)
(807,203,189.104874,-2)
(806,193,189.351631,-2)
(804,183,190.432892,-2)
(802,172,192.275154,-2)
(799,162,195.090103,-2)
(796,153,199.453972,-2)
(792,143,206.778084,-2)
(787,135,220.884171,-2)
(783,131,231.340195,-2)
(774,126,250.490921,-2)
(764,123,259.035126,-2)
(753,122,264.319916,-2)
(743,121,268.334595,-2)
(732,121,268.334595,-2)
(722,122,275.651123,-2)
(711,123,280.371918,-2)
(701,126,280.371918,-2)
(696,128,295.103455,-2)
(687,133,303.654739,-2)
(679,139,308.910400,-2)
(671,146,312.531311,-2)
(663,153,315.239899,-2)
(656,161,317.401611,-2)
(649,169,319.231781,-2)
(642,177,320.890305,-2)
(639,181,323.615646,-2)
(633,189,327.968231,-2)
(628,198,330.884171,-2)
(624,207,333.111847,-2)
(619,216,334.984909,-2)
(615,225,336.693726,-2)
(611,234,338.381378,-2)
(608,244,340.199234,-2)
(604,253,342.379333,-2)
(603,258,343.739792,-2)
(600,268,347.208466,-2)
(598,278,349.585938,-2)
(597,288,351.323212,-2)
(595,298,352.644104,-2)
(594,308,353.670074,-2)
(593,318,354.468445,-2)
(592,328,355.071716,-2)
(591,338,355.480988,-2)
(591,343,355.480988,-2)
(591,353,355.480988,-2)
(590,363,358.899963,-2)
(590,373,358.899963,-2)
(590,383,358.899963,-2)
(590,393,358.899963,-2)
(590,403,358.899963,-2)
(590,413,358.899963,-2)
(590,423,358.899963,-2)
(590,433,358.899963,-2)
(590,438,358.899963,-2)
(591,448,4.463570,-2)
(592,458,5.247330,-2)
(593,469,4.819847,-2)
(593,479,4.819847,-2)
(594,489,0.122261,-2)
(593,499,354.857788,-2)
(592,509,345.871689,-2)
(590,514,341.565048,-2)
(586,524,333.939178,-2)
(581,533,329.315155,-2)
(575,542,325.473022,-2)
(569,551,321.603775,-2)
(562,559,317.061035,-2)
(554,566,310.841568,-2)
(546,572,300.536392,-2)
(536,576,300.536392,-2)
(531,576,300.536392,-2)
(520,575,256.181992,-2)
(510,571,250.316605,-2)
(500,568,246.150803,-2)
(491,563,242.584549,-2)
(482,558,239.024338,-2)
(473,552,234.875778,-2)
(464,546,229.027908,-2)
(457,538,229.027908,-2)
(454,534,208.442612,-2)
(450,524,198.966476,-2)
(447,514,193.278175,-2)
(445,503,189.506699,-2)
(444,493,186.837921,-2)
(443,482,184.884201,-2)
(442,472,183.462082,-2)
(441,461,182.530884,-2)
(441,456,182.530884,-2)
(441,446,182.530884,-2)
(441,435,182.530884,-2)
(442,425,176.376686,-2)
(442,415,176.376686,-2)
(443,405,174.258652,-2)
(444,394,173.318787,-2)
(446,384,172.349915,-2)
(447,374,171.229584,-2)
(448,369,170.537674,-2)
(450,359,163.927383,-2)
(454,349,160.227432,-2)
(457,340,158.441063,-2)
(461,330,158.114578,-2)
(465,321,159.125381,-2)
(468,311,161.612511,-2)
(471,301,166.010941,-2)
(473,291,166.010941,-2)
(474,286,174.347061,-2)
(474,275,174.347061,-2)
(475,265,178.227982,-2)
(475,255,178.227982,-2)
(475,244,178.227982,-2)
(475,234,178.227982,-2)
(474,224,184.984856,-2)
(473,213,187.654442,-2)
(471,203,187.654442,-2)
(470,198,193.224556,-2)
(467,188,195.812973,-2)
(464,179,198.302406,-2)
(461,169,200.957397,-2)
(457,160,204.031845,-2)
(453,151,207.879089,-2)
(448,142,213.121162,-2)
(442,134,221.051224,-2)
(438,130,226.847610,-2)
(430,124,236.070435,-2)
(421,118,241.526245,-2)
(411,114,245.618256,-2)
(402,109,249.228607,-2)
(392,106,252.878723,-2)
(382,103,257.103241,-2)
(371,102,262.835114,-2)
(361,101,262.835114,-2)
(356,102,280.458008,-2)
(346,104,290.596344,-2)
(337,109,296.720413,-2)
(327,114,300.825912,-2)
(319,119,303.794006,-2)
(310,125,306.055405,-2)
(302,131,307.835968,-2)
(294,138,309.243073,-2)
(290,141,311.423660,-2)
(283,148,316.408554,-2)
(276,156,319.764160,-2)
(270,163,322.356155,-2)
(264,171,324.576538,-2)
(258,180,326.660736,-2)
(253,188,328.807693,-2)
(248,197,331.271011,-2)
(243,206,331.271011,-2)
(241,211,339.032410,-2)
(238,220,342.142426,-2)
(235,230,344.257065,-2)
(232,240,345.825302,-2)
(230,249,347.060974,-2)
(228,259,348.081818,-2)
(226,269,348.961456,-2)
(224,279,349.754150,-2)
(223,284,350.537689,-2)
(221,294,351.271729,-2)
(220,304,351.686371,-2)
(218,314,351.894745,-2)
(217,324,351.942017,-2)
(216,334,351.837433,-2)
(214,344,351.560028,-2)
(213,354,351.045441,-2)
(211,364,351.045441,-2)
(210,369,352.532623,-2)
(209,379,351.944458,-2)
(208,389,351.428619,-2)
(206,399,350.942474,-2)
(204,409,350.455170,-2)
(203,418,349.937714,-2)
(201,428,349.354950,-2)
(199,438,348.653809,-2)
(198,443,350.537689,-2)
(196,453,351.847870,-2)
(195,464,351.787048,-2)
(193,474,350.851593,-2)
(192,484,349.078979,-2)
(189,495,346.233032,-2)
(187,505,341.684036,-2)
(183,514,333.891205,-2)
(177,523,333.891205,-2)
(173,527,311.356750,-2)
(165,533,303.160568,-2)
(156,538,298.045471,-2)
(146,543,293.882111,-2)
(137,547,289.770950,-2)
(127,550,284.906555,-2)
(116,552,277.773621,-2)
(106,552,277.773621,-2)
(101,551,244.983109,-2)
(94,544,214.705338,-2)
(88,535,204.611305,-2)
(85,525,199.719276,-2)
(81,515,196.853699,-2)
(79,505,195.046082,-2)
(76,495,193.945076,-2)
(73,485,193.493576,-2)
(71,475,193.493576,-2)
(70,470,190.328255,-2)
(68,460,187.649986,-2)
(67,450,185.928421,-2)
(66,439,184.795517,-2)
(65,429,184.083374,-2)
(65,419,184.083374,-2)
(64,408,183.713058,-2)
(63,398,184.135933,-2)
(63,393,184.135933,-2)
(62,383,183.409027,-2)
(62,372,183.409027,-2)
(61,362,182.931320,-2)
(61,351,182.931320,-2)
(60,341,184.323906,-2)
(59,331,185.802521,-2)
(58,320,188.092155,-2)
(56,310,188.092155,-2)
(55,305,192.314278,-2)
(52,295,196.323395,-2)
(49,285,198.892792,-2)
(46,275,200.531570,-2)
(42,266,201.475502,-2)
(38,256,201.807220,-2)
(34,247,201.482635,-2)
(31,237,200.278313,-2)
(29,232,197.650124,-2)
(26,222,198.812851,-2)
(23,213,199.604973,-2)
(19,204,200.202164,-2)
(16,194,200.686035,-2)
(12,185,201.102341,-2)
(8,176,201.482094,-2)
(5,166,201.852654,-2)
(1,157,201.852654,-2)
(0,152,203.220551,-2)
(-4,143,204.316704,-2)
(-8,133,204.935974,-2)
(-13,124,205.332375,-2)
(-17,115,205.593567,-2)
(-22,105,205.747002,-2)
(-26,96,205.767990,-2)
(-31,87,205.434196,-2)
(-34,82,205.434196,-2)
(-35,78,205.434196,-2)
(-39,69,205.434196,-2)
(-43,60,205.434196,-2)
(-47,51,205.434196,-2)
(-51,42,205.434196,-2)
(-55,33,205.434196,-2)
(-59,24,205.434196,-2)
(-63,15,205.434196,-2)
(-67,6,205.434196,-2)
(-71,-3,205.434196,-2)
