8,9,10,11
(1454,579,229.548096,-2)
(1446,573,229.548096,-2)
(1438,567,229.548096,-2)
(1430,561,229.548096,-2)
(1422,555,229.548096,-2)
(1414,549,229.548096,-2)
(1406,543,229.548096,-2)
(1398,537,229.548096,-2)
(1390,531,229.548096,-2)
(1382,525,229.548096,-2)
(1374,519,229.548096,-2)
(1366,512,229.548096,-2)
(1358,506,229.034805,-2)
(1350,499,228.783707,-2)
(1342,492,228.628525,-2)
(1334,485,228.521698,-2)
(1327,478,228.444702,-2)
(1319,471,228.390976,-2)
(1311,464,228.390976,-2)
(1307,461,228.624863,-2)
(1300,454,228.925186,-2)
(1292,447,229.026871,-2)
(1284,441,228.978912,-2)
(1276,434,228.795044,-2)
(1269,427,228.464874,-2)
(1261,420,227.951401,-2)
(1254,413,227.173553,-2)
(1250,410,228.366455,-2)
(1242,403,226.521912,-2)
(1235,395,225.419128,-2)
(1227,388,224.727509,-2)
(1220,380,224.310623,-2)
(1212,373,224.111923,-2)
(1205,365,224.122009,-2)
(1197,358,224.378387,-2)
(1190,350,224.378387,-2)
(1186,346,226.947006,-2)
(1179,339,227.317810,-2)
(1171,332,227.469406,-2)
(1163,325,227.461685,-2)
(1155,318,227.310364,-2)
(1148,311,227.000931,-2)
(1140,304,226.482239,-2)
(1133,297,225.632248,-2)
(1129,293,223.264297,-2)
(1122,285,217.400368,-2)
(1116,277,215.287529,-2)
(1110,268,214.864876,-2)
(1105,260,215.694382,-2)
(1098,252,217.967499,-2)
(1092,244,222.696030,-2)
(1084,237,233.536301,-2)
(1075,233,233.536301,-2)
(1063,239,308.270721,-2)
(1044,258,319.347977,-2)
(1026,279,316.701416,-2)
(1016,288,308.290161,-2)
(993,304,303.145782,-2)
(970,319,300.055710,-2)
(945,332,300.055710,-2)
(933,339,298.421524,-2)
(908,351,295.284210,-2)
(883,362,289.885010,-2)
(870,366,284.620880,-2)
(843,372,281.347351,-2)
(816,376,275.116730,-2)
(788,376,275.116730,-2)
(776,373,252.620468,-2)
(753,364,244.366119,-2)
(732,352,239.465668,-2)
(711,339,239.465668,-2)
(700,330,228.049347,-2)
(681,311,222.558136,-2)
(663,290,219.506866,-2)
(654,279,216.384354,-2)
(641,255,204.882126,-2)
(629,231,208.364662,-2)
(613,210,208.364662,-2)
(608,207,239.396133,-2)
(597,201,247.567017,-2)
(585,197,252.608826,-2)
(573,194,256.369186,-2)
(561,191,259.648056,-2)
(548,189,263.036118,-2)
(536,188,263.036118,-2)
(530,188,263.036118,-2)
(517,189,276.635971,-2)
(505,191,279.592453,-2)
(493,193,282.211334,-2)
(481,196,284.866409,-2)
(469,200,287.959900,-2)
(457,204,287.959900,-2)
(451,207,298.439102,-2)
(441,213,304.374008,-2)
(431,221,307.022156,-2)
(421,228,307.657715,-2)
(411,236,306.522995,-2)
(401,243,303.102402,-2)
(390,249,303.102402,-2)
(386,251,295.954666,-2)
(379,254,293.408463,-2)
(372,257,291.615463,-2)
(364,260,290.329697,-2)
(357,263,289.418488,-2)
(349,265,288.811157,-2)
(342,268,288.477448,-2)
(334,270,288.421600,-2)
(326,273,288.688995,-2)
(319,276,289.394043,-2)
(315,277,289.983109,-2)
(307,280,288.849014,-2)
(300,282,288.370728,-2)
(292,285,288.326385,-2)
(284,287,288.624878,-2)
(276,290,289.239792,-2)
(269,293,290.188889,-2)
(261,296,291.533707,-2)
(254,299,293.395081,-2)
(246,302,295.993805,-2)
(239,306,295.993805,-2)
(235,308,299.964218,-2)
(228,312,300.659958,-2)
(221,316,301.636658,-2)
(214,321,302.891129,-2)
(208,325,304.469879,-2)
(201,330,306.468201,-2)
(194,335,309.052231,-2)
(188,340,312.512390,-2)
(182,346,317.384064,-2)
(177,353,324.724762,-2)
(175,356,332.241455,-2)
(172,363,339.454086,-2)
(169,371,344.011765,-2)
(167,379,347.414764,-2)
(166,387,350.267059,-2)
(164,395,352.889587,-2)
(164,403,352.889587,-2)
(163,412,358.356476,-2)
(163,420,358.356476,-2)
(164,428,6.270386,-2)
(165,436,6.270386,-2)
(166,440,16.811714,-2)
(169,448,22.452347,-2)
(172,455,26.487312,-2)
(176,463,29.764294,-2)
(181,470,32.700977,-2)
(185,477,35.568851,-2)
(190,483,38.612305,-2)
(195,489,42.142212,-2)
(201,495,46.693165,-2)
(208,501,53.460327,-2)
(211,503,57.724358,-2)
(218,507,68.491491,-2)
(226,509,75.581877,-2)
(234,511,80.431273,-2)
(242,512,83.877763,-2)
(250,513,86.386483,-2)
(258,513,86.386483,-2)
(267,513,86.386483,-2)
(275,513,86.386483,-2)
(283,513,86.386483,-2)
(291,513,86.386483,-2)
(295,513,86.386483,-2)
(303,513,86.386483,-2)
(311,512,92.962879,-2)
(319,512,92.962879,-2)
(327,511,94.643239,-2)
(335,511,94.643239,-2)
(343,510,96.212806,-2)
(351,509,97.056206,-2)
(359,508,98.008990,-2)
(367,507,99.163168,-2)
(371,506,99.462322,-2)
(379,504,101.962742,-2)
(387,503,103.833346,-2)
(395,501,105.319548,-2)
(403,498,106.556795,-2)
(411,496,107.628460,-2)
(418,493,108.591440,-2)
(426,491,109.489956,-2)
(434,488,110.364334,-2)
(441,485,111.260937,-2)
(449,482,111.260937,-2)
(453,480,112.312269,-2)
(461,477,112.620060,-2)
(468,474,113.107813,-2)
(476,471,113.755098,-2)
(484,467,114.573050,-2)
(491,464,115.597265,-2)
(499,460,116.893353,-2)
(506,456,118.575098,-2)
(513,452,120.848545,-2)
(521,447,124.121418,-2)
(524,445,126.384354,-2)
(531,440,126.647118,-2)
(537,435,127.385082,-2)
(544,430,128.463223,-2)
(550,425,129.902042,-2)
(557,419,131.811279,-2)
(563,414,134.419086,-2)
(568,408,138.190235,-2)
(574,401,144.180237,-2)
(578,394,155.252708,-2)
(580,386,155.252708,-2)
(576,374,210.126060,-2)
(560,354,224.739670,-2)
(541,337,231.076096,-2)
(520,322,231.076096,-2)
(508,316,247.350113,-2)
(481,307,254.794754,-2)
(454,300,254.612106,-2)
(441,296,252.349869,-2)
(416,287,249.649292,-2)
(390,278,249.898529,-2)
(365,269,249.898529,-2)
(352,266,255.887558,-2)
(326,259,256.709106,-2)
(300,253,256.520386,-2)
(287,250,255.379120,-2)
(271,246,254.263565,-2)
(255,241,253.540024,-2)
(239,236,252.940414,-2)
(223,231,252.334091,-2)
(207,226,252.334091,-2)
(199,223,249.471069,-2)
(183,217,247.889709,-2)
(168,211,247.099762,-2)
(152,204,246.814941,-2)
(137,197,247.021973,-2)
(129,194,246.501434,-2)
(114,187,244.511169,-2)
(100,180,243.408661,-2)
(86,173,242.665115,-2)
(71,165,242.099350,-2)
(57,158,241.620422,-2)
(50,154,243.434952,-2)
(35,146,241.293671,-2)
(21,138,241.068756,-2)
(6,130,242.273941,-2)
(-8,123,244.528015,-2)
(-23,116,244.528015,-2)
(-31,113,249.050858,-2)
(-46,107,249.810745,-2)
(-62,102,250.169373,-2)
(-77,96,250.367203,-2)
(-93,90,250.469452,-2)
(-108,85,250.488251,-2)
(-124,79,250.386246,-2)
(-139,74,249.914307,-2)
(-148,71,249.914307,-2)
(-153,69,249.914307,-2)
(-167,64,249.914307,-2)
(-181,59,249.914307,-2)
(-195,54,249.914307,-2)
(-209,49,249.914307,-2)
(-223,44,249.914307,-2)
(-237,39,249.914307,-2)
(-251,34,249.914307,-2)
(-265,29,249.914307,-2)
(-279,24,249.914307,-2)
