8,9,10,11
(1454,599,229.548096,-2)
(1446,593,229.548096,-2)
(1438,587,229.548096,-2)
(1430,581,229.548096,-2)
(1422,575,229.548096,-2)
(1414,569,229.548096,-2)
(1406,563,229.548096,-2)
(1398,557,229.548096,-2)
(1390,551,229.548096,-2)
(1382,545,229.548096,-2)
(1374,539,229.548096,-2)
(1366,532,229.548096,-2)
(1358,526,229.034805,-2)
(1350,519,228.783707,-2)
(1342,512,228.628525,-2)
(1334,505,228.521698,-2)
(1327,498,228.444702,-2)
(1319,491,228.390976,-2)
(1311,484,228.390976,-2)
(1307,481,228.624863,-2)
(1300,474,228.925186,-2)
(1292,467,229.026871,-2)
(1284,461,228.978912,-2)
(1276,454,228.795044,-2)
(1269,447,228.464874,-2)
(1261,440,227.951401,-2)
(1254,433,227.173553,-2)
(1250,430,228.366455,-2)
(1242,423,226.521912,-2)
(1235,415,225.419128,-2)
(1227,408,224.727509,-2)
(1220,400,224.310623,-2)
(1212,393,224.111923,-2)
(1205,385,224.122009,-2)
(1197,378,224.378387,-2)
(1190,370,224.378387,-2)
(1186,366,226.947006,-2)
(1179,359,227.317810,-2)
(1171,352,227.469406,-2)
(1163,345,227.461685,-2)
(1155,338,227.310364,-2)
(1148,331,227.000931,-2)
(1140,324,226.482239,-2)
(1133,317,225.632248,-2)
(1129,313,223.264297,-2)
(1122,305,217.400368,-2)
(1116,297,215.287529,-2)
(1110,288,214.864876,-2)
(1105,280,215.694382,-2)
(1098,272,217.967499,-2)
(1092,264,222.696030,-2)
(1084,257,233.536301,-2)
(1075,253,233.536301,-2)
(1063,259,308.270721,-2)
(1044,278,319.347977,-2)
(1026,299,316.701416,-2)
(1016,308,308.290161,-2)
(993,324,303.145782,-2)
(970,339,300.055710,-2)
(945,352,300.055710,-2)
(933,359,298.421524,-2)
(908,371,295.284210,-2)
(883,382,289.885010,-2)
(870,386,284.620880,-2)
(843,392,281.347351,-2)
(816,396,275.116730,-2)
(788,396,275.116730,-2)
(776,393,252.620468,-2)
(753,384,244.366119,-2)
(732,372,239.465668,-2)
(711,359,239.465668,-2)
(700,350,228.049347,-2)
(681,331,222.558136,-2)
(663,310,219.506866,-2)
(654,299,216.384354,-2)
(641,275,204.882126,-2)
(629,251,208.364662,-2)
(613,230,208.364662,-2)
(608,227,239.396133,-2)
(597,221,247.567017,-2)
(585,217,252.608826,-2)
(573,214,256.369186,-2)
(561,211,259.648056,-2)
(548,209,263.036118,-2)
(536,208,263.036118,-2)
(530,208,263.036118,-2)
(517,209,276.635971,-2)
(505,211,279.592453,-2)
(493,213,282.211334,-2)
(481,216,284.866409,-2)
(469,220,287.959900,-2)
(457,224,287.959900,-2)
(451,227,298.439102,-2)
(441,233,304.374008,-2)
(431,241,307.022156,-2)
(421,248,307.657715,-2)
(411,256,306.522995,-2)
(401,263,303.102402,-2)
(390,269,303.102402,-2)
(386,271,295.954666,-2)
(379,274,293.408463,-2)
(372,277,291.615463,-2)
(364,280,290.329697,-2)
(357,283,289.418488,-2)
(349,285,288.811157,-2)
(342,288,288.477448,-2)
(334,290,288.421600,-2)
(326,293,288.688995,-2)
(319,296,289.394043,-2)
(315,297,289.983109,-2)
(307,300,288.849014,-2)
(300,302,288.370728,-2)
(292,305,288.326385,-2)
(284,307,288.624878,-2)
(276,310,289.239792,-2)
(269,313,290.188889,-2)
(261,316,291.533707,-2)
(254,319,293.395081,-2)
(246,322,295.993805,-2)
(239,326,295.993805,-2)
(235,328,299.964218,-2)
(228,332,300.659958,-2)
(221,336,301.636658,-2)
(214,341,302.891129,-2)
(208,345,304.469879,-2)
(201,350,306.468201,-2)
(194,355,309.052231,-2)
(188,360,312.512390,-2)
(182,366,317.384064,-2)
(177,373,324.724762,-2)
(175,376,332.241455,-2)
(172,383,339.454086,-2)
(169,391,344.011765,-2)
(167,399,347.414764,-2)
(166,407,350.267059,-2)
(164,415,352.889587,-2)
(164,423,352.889587,-2)
(163,432,358.356476,-2)
(163,440,358.356476,-2)
(164,448,6.270386,-2)
(165,456,6.270386,-2)
(166,460,16.811714,-2)
(169,468,22.452347,-2)
(172,475,26.487312,-2)
(176,483,29.764294,-2)
(181,490,32.700977,-2)
(185,497,35.568851,-2)
(190,503,38.612305,-2)
(195,509,42.142212,-2)
(201,515,46.693165,-2)
(208,521,53.460327,-2)
(211,523,57.724358,-2)
(218,527,68.491491,-2)
(226,529,75.581877,-2)
(234,531,80.431273,-2)
(242,532,83.877763,-2)
(250,533,86.386483,-2)
(258,533,86.386483,-2)
(267,533,86.386483,-2)
(275,533,86.386483,-2)
(283,533,86.386483,-2)
(291,533,86.386483,-2)
(295,533,86.386483,-2)
(303,533,86.386483,-2)
(311,532,92.962879,-2)
(319,532,92.962879,-2)
(327,531,94.643239,-2)
(335,531,94.643239,-2)
(343,530,96.212806,-2)
(351,529,97.056206,-2)
(359,528,98.008990,-2)
(367,527,99.163168,-2)
(371,526,99.462322,-2)
(379,524,101.962742,-2)
(387,523,103.833346,-2)
(395,521,105.319548,-2)
(403,518,106.556795,-2)
(411,516,107.628460,-2)
(418,513,108.591440,-2)
(426,511,109.489956,-2)
(434,508,110.364334,-2)
(441,505,111.260937,-2)
(449,502,111.260937,-2)
(453,500,112.312269,-2)
(461,497,112.620060,-2)
(468,494,113.107813,-2)
(476,491,113.755098,-2)
(484,487,114.573050,-2)
(491,484,115.597265,-2)
(499,480,116.893353,-2)
(506,476,118.575098,-2)
(513,472,120.848545,-2)
(521,467,124.121418,-2)
(524,465,126.384354,-2)
(531,460,126.647118,-2)
(537,455,127.385082,-2)
(544,450,128.463223,-2)
(550,445,129.902042,-2)
(557,439,131.811279,-2)
(563,434,134.419086,-2)
(568,428,138.190235,-2)
(574,421,144.180237,-2)
(578,414,155.252708,-2)
(580,406,155.252708,-2)
(576,394,210.126060,-2)
(560,374,224.739670,-2)
(541,357,231.076096,-2)
(520,342,231.076096,-2)
(508,336,247.350113,-2)
(481,327,254.794754,-2)
(454,320,254.612106,-2)
(441,316,252.349869,-2)
(416,307,249.649292,-2)
(390,298,249.898529,-2)
(365,289,249.898529,-2)
(352,286,255.887558,-2)
(326,279,256.709106,-2)
(300,273,256.520386,-2)
(287,270,255.379120,-2)
(271,266,254.263565,-2)
(255,261,253.540024,-2)
(239,256,252.940414,-2)
(223,251,252.334091,-2)
(207,246,252.334091,-2)
(199,243,249.471069,-2)
(183,237,247.889709,-2)
(168,231,247.099762,-2)
(152,224,246.814941,-2)
(137,217,247.021973,-2)
(129,214,246.501434,-2)
(114,207,244.511169,-2)
(100,200,243.408661,-2)
(86,193,242.665115,-2)
(71,185,242.099350,-2)
(57,178,241.620422,-2)
(50,174,243.434952,-2)
(35,166,241.293671,-2)
(21,158,241.068756,-2)
(6,150,242.273941,-2)
(-8,143,244.528015,-2)
(-23,136,244.528015,-2)
(-31,133,249.050858,-2)
(-46,127,249.810745,-2)
(-62,122,250.169373,-2)
(-77,116,250.367203,-2)
(-93,110,250.469452,-2)
(-108,105,250.488251,-2)
(-124,99,250.386246,-2)
(-139,94,249.914307,-2)
(-148,91,249.914307,-2)
(-153,89,249.914307,-2)
(-167,84,249.914307,-2)
(-181,79,249.914307,-2)
(-195,74,249.914307,-2)
(-209,69,249.914307,-2)
(-223,64,249.914307,-2)
(-237,59,249.914307,-2)
(-251,54,249.914307,-2)
(-265,49,249.914307,-2)
(-279,44,249.914307,-2)
