8,9,10,11
(755,-107,297.417862,-2)
(746,-102,297.417862,-2)
(737,-97,297.417862,-2)
(728,-92,297.417862,-2)
(719,-87,297.417862,-2)
(710,-82,297.417862,-2)
(701,-77,297.417862,-2)
(692,-72,297.417862,-2)
(683,-67,297.417862,-2)
(674,-62,297.417862,-2)
(665,-57,297.417862,-2)
(656,-52,297.417862,-2)
(647,-48,297.686981,-2)
(638,-43,297.890808,-2)
(629,-38,298.090012,-2)
(620,-34,298.314774,-2)
(612,-29,298.599747,-2)
(603,-24,299.011826,-2)
(594,-19,299.011826,-2)
(590,-16,301.686066,-2)
(581,-11,302.589600,-2)
(573,-6,303.034348,-2)
(564,0,303.162369,-2)
(556,4,303.023392,-2)
(547,10,302.611740,-2)
(539,15,301.866638,-2)
(530,20,300.637558,-2)
(526,23,300.963760,-2)
(517,28,300.761536,-2)
(509,33,300.609543,-2)
(500,39,300.480530,-2)
(491,44,300.360474,-2)
(482,49,300.239441,-2)
(474,54,300.107605,-2)
(465,59,299.951233,-2)
(456,64,299.951233,-2)
(452,66,299.495270,-2)
(443,71,299.153687,-2)
(434,76,298.957184,-2)
(425,81,298.866653,-2)
(417,86,298.866653,-2)
(408,91,298.957184,-2)
(399,96,299.153702,-2)
(390,101,299.495270,-2)
(386,103,299.744888,-2)
(377,108,298.883133,-2)
(368,113,298.527588,-2)
(359,118,298.514267,-2)
(351,122,298.791351,-2)
(342,127,299.371262,-2)
(333,132,300.330978,-2)
(324,138,301.854721,-2)
(316,143,301.854721,-2)
(312,146,305.932434,-2)
(304,152,308.206940,-2)
(296,158,309.871246,-2)
(289,165,311.215210,-2)
(281,171,312.391235,-2)
(274,178,313.502151,-2)
(267,185,314.643738,-2)
(259,192,315.948380,-2)
(256,196,318.366455,-2)
(249,204,319.412735,-2)
(243,211,320.515305,-2)
(237,219,321.743027,-2)
(230,227,323.171616,-2)
(225,235,324.906586,-2)
(219,244,327.117920,-2)
(214,252,330.114166,-2)
(209,261,330.114166,-2)
(208,263,335.228241,-2)
(207,266,336.451416,-2)
(205,270,337.524109,-2)
(203,274,338.496796,-2)
(202,278,339.402908,-2)
(201,281,340.266479,-2)
(199,285,341.105820,-2)
(198,289,341.935898,-2)
(197,293,342.769867,-2)
(196,297,343.620056,-2)
(195,301,344.498856,-2)
(193,304,345.419495,-2)
(193,308,345.419495,-2)
(192,312,347.448303,-2)
(191,316,348.595642,-2)
(190,320,349.866364,-2)
(189,324,351.296783,-2)
(189,328,351.296783,-2)
(188,332,354.855591,-2)
(188,336,354.855591,-2)
(188,340,354.855591,-2)
(188,342,354.855591,-2)
(188,346,354.855591,-2)
(188,350,354.855591,-2)
(189,354,6.458008,-2)
(189,358,6.458008,-2)
(190,362,9.054131,-2)
(191,366,10.182365,-2)
(191,370,10.182365,-2)
(192,374,12.209457,-2)
(193,378,13.140724,-2)
(194,382,14.034920,-2)
(195,386,14.903732,-2)
(196,390,15.758270,-2)
(197,393,16.609779,-2)
(198,397,17.470253,-2)
(200,401,18.353310,-2)
(201,405,19.275375,-2)
(202,409,20.257576,-2)
(204,412,21.328651,-2)
(205,416,22.530083,-2)
(206,418,23.198593,-2)
(208,422,25.195190,-2)
(209,425,26.833981,-2)
(211,429,28.231697,-2)
(213,433,29.461334,-2)
(215,436,30.571548,-2)
(217,440,31.596725,-2)
(220,443,32.562618,-2)
(222,446,33.489532,-2)
(224,450,34.394417,-2)
(226,453,35.292473,-2)
(229,456,36.198200,-2)
(231,460,37.126411,-2)
(234,463,38.093292,-2)
(236,466,39.117725,-2)
(239,469,40.222828,-2)
(242,472,41.438686,-2)
(244,475,42.806255,-2)
(247,478,44.383999,-2)
(250,481,46.260170,-2)
(253,484,46.260170,-2)
(263,493,51.705093,-2)
(285,508,58.711399,-2)
(309,521,67.144316,-2)
(322,525,74.744880,-2)
(348,530,84.146792,-2)
(375,531,88.956252,-2)
(402,528,88.956252,-2)
(415,524,111.085255,-2)
(439,512,120.067442,-2)
(462,497,128.245602,-2)
(472,488,133.264297,-2)
(489,467,145.541275,-2)
(503,444,149.565178,-2)
(517,421,149.565178,-2)
(524,409,149.349140,-2)
(538,386,150.751171,-2)
(551,363,149.349049,-2)
(558,351,146.976135,-2)
(574,329,143.290665,-2)
(590,307,141.884449,-2)
(607,286,141.884449,-2)
(615,275,142.985619,-2)
(632,254,142.461330,-2)
(649,233,138.272579,-2)
(658,223,133.264297,-2)
(663,219,131.290123,-2)
(667,215,129.812035,-2)
(672,211,128.659142,-2)
(677,207,127.733555,-2)
(682,203,126.975365,-2)
(687,200,126.346169,-2)
(692,196,125.820728,-2)
(697,193,125.382561,-2)
(702,189,125.021687,-2)
(707,185,124.733925,-2)
(712,182,124.521275,-2)
(717,178,124.394642,-2)
(722,175,124.394642,-2)
(725,173,123.124954,-2)
(730,170,123.137959,-2)
(735,167,122.954842,-2)
(740,163,122.610535,-2)
(745,160,122.118408,-2)
(751,157,121.477777,-2)
(756,153,120.676592,-2)
(761,150,119.690809,-2)
(767,147,118.481857,-2)
(772,144,116.990536,-2)
(778,142,115.126043,-2)
(783,139,112.745426,-2)
(789,137,109.614029,-2)
(792,136,106.927513,-2)
(813,131,100.751381,-2)
(834,128,97.527801,-2)
(855,125,95.092569,-2)
(876,124,95.092569,-2)
(886,124,95.092569,-2)
(907,123,90.218013,-2)
(928,124,86.087607,-2)
(948,126,78.984406,-2)
(958,129,72.349876,-2)
(977,137,61.945211,-2)
(994,148,56.800129,-2)
(1011,159,53.326530,-2)
(1027,172,53.326530,-2)
(1034,179,46.252937,-2)
(1049,194,42.401093,-2)
(1062,209,37.724861,-2)
(1073,226,30.058437,-2)
(1078,235,23.198593,-2)
(1085,254,16.655838,-2)
(1090,274,10.949287,-2)
(1092,294,3.137581,-2)
(1091,314,3.137581,-2)
(1088,324,337.713593,-2)
(1078,343,326.112137,-2)
(1065,359,319.783295,-2)
(1051,375,314.667114,-2)
(1043,382,311.633545,-2)
(1025,394,300.290207,-2)
(1006,404,295.710022,-2)
(987,413,293.785080,-2)
(967,422,293.785080,-2)
(963,424,296.246597,-2)
(956,427,295.756195,-2)
(948,431,295.394958,-2)
(941,435,295.118500,-2)
(933,438,294.902557,-2)
(926,442,294.733109,-2)
(918,445,294.602188,-2)
(911,448,294.506500,-2)
(903,452,294.446899,-2)
(896,455,294.430649,-2)
(892,457,295.463348,-2)
(885,461,296.176849,-2)
(877,464,296.660736,-2)
(870,468,297.009048,-2)
(863,471,297.267426,-2)
(856,475,297.460236,-2)
(849,479,297.600525,-2)
(841,483,297.694107,-2)
(834,486,297.740677,-2)
(827,490,297.732086,-2)
(820,494,297.732086,-2)
(816,496,297.611176,-2)
(809,500,297.596313,-2)
(802,503,297.636398,-2)
(795,507,297.721039,-2)
(788,511,297.847702,-2)
(781,515,298.018814,-2)
(774,518,298.241730,-2)
(767,522,298.530090,-2)
(760,526,298.907867,-2)
(753,530,299.417480,-2)
(749,532,299.744888,-2)
(742,536,299.611404,-2)
(735,540,299.777313,-2)
(727,544,300.162781,-2)
(720,549,300.744797,-2)
(713,553,301.532196,-2)
(706,557,302.560898,-2)
(699,562,303.900436,-2)
(692,567,305.673752,-2)
(685,572,308.104584,-2)
(679,577,308.104584,-2)
(676,580,313.323837,-2)
(670,585,315.998001,-2)
(665,591,318.051086,-2)
(659,598,319.708160,-2)
(654,604,321.101028,-2)
(649,610,322.313904,-2)
(644,617,323.406418,-2)
(639,623,324.425858,-2)
(635,630,325.417267,-2)
(630,637,326.434021,-2)
(628,640,329.036240,-2)
(624,647,331.690002,-2)
(620,654,333.151245,-2)
(617,661,334.095917,-2)
(613,669,334.757401,-2)
(610,676,335.237122,-2)
(606,684,335.581299,-2)
(603,691,335.802185,-2)
(600,698,335.870056,-2)
(596,706,335.624725,-2)
(593,713,335.624725,-2)
(593,713,335.624725,-2)
(590,719,335.624725,-2)
(587,725,335.624725,-2)
(584,731,335.624725,-2)
(581,737,335.624725,-2)
(578,743,335.624725,-2)
(575,749,335.624725,-2)
(572,755,335.624725,-2)
(569,761,335.624725,-2)
(566,767,335.624725,-2)
(563,773,335.624725,-2)
