8,9,10,11
(835,-97,297.417862,-2)
(826,-92,297.417862,-2)
(817,-87,297.417862,-2)
(808,-82,297.417862,-2)
(799,-77,297.417862,-2)
(790,-72,297.417862,-2)
(781,-67,297.417862,-2)
(772,-62,297.417862,-2)
(763,-57,297.417862,-2)
(754,-52,297.417862,-2)
(745,-47,297.417862,-2)
(736,-42,297.417862,-2)
(727,-38,297.686981,-2)
(718,-33,297.890808,-2)
(709,-28,298.090012,-2)
(700,-24,298.314774,-2)
(692,-19,298.599747,-2)
(683,-14,299.011826,-2)
(674,-9,299.011826,-2)
(670,-6,301.686066,-2)
(661,-1,302.589600,-2)
(653,4,303.034348,-2)
(644,10,303.162369,-2)
(636,14,303.023392,-2)
(627,20,302.611740,-2)
(619,25,301.866638,-2)
(610,30,300.637558,-2)
(606,33,300.963760,-2)
(597,38,300.761536,-2)
(589,43,300.609543,-2)
(580,49,300.480530,-2)
(571,54,300.360474,-2)
(562,59,300.239441,-2)
(554,64,300.107605,-2)
(545,69,299.951233,-2)
(536,74,299.951233,-2)
(532,76,299.495270,-2)
(523,81,299.153687,-2)
(514,86,298.957184,-2)
(505,91,298.866653,-2)
(497,96,298.866653,-2)
(488,101,298.957184,-2)
(479,106,299.153702,-2)
(470,111,299.495270,-2)
(466,113,299.744888,-2)
(457,118,298.883133,-2)
(448,123,298.527588,-2)
(439,128,298.514267,-2)
(431,132,298.791351,-2)
(422,137,299.371262,-2)
(413,142,300.330978,-2)
(404,148,301.854721,-2)
(396,153,301.854721,-2)
(392,156,305.932434,-2)
(384,162,308.206940,-2)
(376,168,309.871246,-2)
(369,175,311.215210,-2)
(361,181,312.391235,-2)
(354,188,313.502151,-2)
(347,195,314.643738,-2)
(339,202,315.948380,-2)
(336,206,318.366455,-2)
(329,214,319.412735,-2)
(323,221,320.515305,-2)
(317,229,321.743027,-2)
(310,237,323.171616,-2)
(305,245,324.906586,-2)
(299,254,327.117920,-2)
(294,262,330.114166,-2)
(289,271,330.114166,-2)
(288,273,335.228241,-2)
(287,276,336.451416,-2)
(285,280,337.524109,-2)
(283,284,338.496796,-2)
(282,288,339.402908,-2)
(281,291,340.266479,-2)
(279,295,341.105820,-2)
(278,299,341.935898,-2)
(277,303,342.769867,-2)
(276,307,343.620056,-2)
(275,311,344.498856,-2)
(273,314,345.419495,-2)
(273,318,345.419495,-2)
(272,322,347.448303,-2)
(271,326,348.595642,-2)
(270,330,349.866364,-2)
(269,334,351.296783,-2)
(269,338,351.296783,-2)
(268,342,354.855591,-2)
(268,346,354.855591,-2)
(268,350,354.855591,-2)
(268,352,354.855591,-2)
(268,356,354.855591,-2)
(268,360,354.855591,-2)
(269,364,6.458008,-2)
(269,368,6.458008,-2)
(270,372,9.054131,-2)
(271,376,10.182365,-2)
(271,380,10.182365,-2)
(272,384,12.209457,-2)
(273,388,13.140724,-2)
(274,392,14.034920,-2)
(275,396,14.903732,-2)
(276,400,15.758270,-2)
(277,403,16.609779,-2)
(278,407,17.470253,-2)
(280,411,18.353310,-2)
(281,415,19.275375,-2)
(282,419,20.257576,-2)
(284,422,21.328651,-2)
(285,426,22.530083,-2)
(286,428,23.198593,-2)
(288,432,25.195190,-2)
(289,435,26.833981,-2)
(291,439,28.231697,-2)
(293,443,29.461334,-2)
(295,446,30.571548,-2)
(297,450,31.596725,-2)
(300,453,32.562618,-2)
(302,456,33.489532,-2)
(304,460,34.394417,-2)
(306,463,35.292473,-2)
(309,466,36.198200,-2)
(311,470,37.126411,-2)
(314,473,38.093292,-2)
(316,476,39.117725,-2)
(319,479,40.222828,-2)
(322,482,41.438686,-2)
(324,485,42.806255,-2)
(327,488,44.383999,-2)
(330,491,46.260170,-2)
(333,494,46.260170,-2)
(343,503,51.705093,-2)
(365,518,58.711399,-2)
(389,531,67.144316,-2)
(402,535,74.744880,-2)
(428,540,84.146792,-2)
(455,541,88.956252,-2)
(482,538,88.956252,-2)
(495,534,111.085255,-2)
(519,522,120.067442,-2)
(542,507,128.245602,-2)
(552,498,133.264297,-2)
(569,477,145.541275,-2)
(583,454,149.565178,-2)
(597,431,149.565178,-2)
(604,419,149.349140,-2)
(618,396,150.751171,-2)
(631,373,149.349049,-2)
(638,361,146.976135,-2)
(654,339,143.290665,-2)
(670,317,141.884449,-2)
(687,296,141.884449,-2)
(695,285,142.985619,-2)
(712,264,142.461330,-2)
(729,243,138.272579,-2)
(738,233,133.264297,-2)
(743,229,131.290123,-2)
(747,225,129.812035,-2)
(752,221,128.659142,-2)
(757,217,127.733555,-2)
(762,213,126.975365,-2)
(767,210,126.346169,-2)
(772,206,125.820728,-2)
(777,203,125.382561,-2)
(782,199,125.021687,-2)
(787,195,124.733925,-2)
(792,192,124.521275,-2)
(797,188,124.394642,-2)
(802,185,124.394642,-2)
(805,183,123.124954,-2)
(810,180,123.137959,-2)
(815,177,122.954842,-2)
(820,173,122.610535,-2)
(825,170,122.118408,-2)
(831,167,121.477777,-2)
(836,163,120.676592,-2)
(841,160,119.690809,-2)
(847,157,118.481857,-2)
(852,154,116.990536,-2)
(858,152,115.126043,-2)
(863,149,112.745426,-2)
(869,147,109.614029,-2)
(872,146,106.927513,-2)
(893,141,100.751381,-2)
(914,138,97.527801,-2)
(935,135,95.092569,-2)
(956,134,95.092569,-2)
(966,134,95.092569,-2)
(987,133,90.218013,-2)
(1008,134,86.087607,-2)
(1028,136,78.984406,-2)
(1038,139,72.349876,-2)
(1057,147,61.945211,-2)
(1074,158,56.800129,-2)
(1091,169,53.326530,-2)
(1107,182,53.326530,-2)
(1114,189,46.252937,-2)
(1129,204,42.401093,-2)
(1142,219,37.724861,-2)
(1153,236,30.058437,-2)
(1158,245,23.198593,-2)
(1165,264,16.655838,-2)
(1170,284,10.949287,-2)
(1172,304,3.137581,-2)
(1171,324,3.137581,-2)
(1168,334,337.713593,-2)
(1158,353,326.112137,-2)
(1145,369,319.783295,-2)
(1131,385,314.667114,-2)
(1123,392,311.633545,-2)
(1105,404,300.290207,-2)
(1086,414,295.710022,-2)
(1067,423,293.785080,-2)
(1047,432,293.785080,-2)
(1043,434,296.246597,-2)
(1036,437,295.756195,-2)
(1028,441,295.394958,-2)
(1021,445,295.118500,-2)
(1013,448,294.902557,-2)
(1006,452,294.733109,-2)
(998,455,294.602188,-2)
(991,458,294.506500,-2)
(983,462,294.446899,-2)
(976,465,294.430649,-2)
(972,467,295.463348,-2)
(965,471,296.176849,-2)
(957,474,296.660736,-2)
(950,478,297.009048,-2)
(943,481,297.267426,-2)
(936,485,297.460236,-2)
(929,489,297.600525,-2)
(921,493,297.694107,-2)
(914,496,297.740677,-2)
(907,500,297.732086,-2)
(900,504,297.732086,-2)
(896,506,297.611176,-2)
(889,510,297.596313,-2)
(882,513,297.636398,-2)
(875,517,297.721039,-2)
(868,521,297.847702,-2)
(861,525,298.018814,-2)
(854,528,298.241730,-2)
(847,532,298.530090,-2)
(840,536,298.907867,-2)
(833,540,299.417480,-2)
(829,542,299.744888,-2)
(822,546,299.611404,-2)
(815,550,299.777313,-2)
(807,554,300.162781,-2)
(800,559,300.744797,-2)
(793,563,301.532196,-2)
(786,567,302.560898,-2)
(779,572,303.900436,-2)
(772,577,305.673752,-2)
(765,582,308.104584,-2)
(759,587,308.104584,-2)
(756,590,313.323837,-2)
(750,595,315.998001,-2)
(745,601,318.051086,-2)
(739,608,319.708160,-2)
(734,614,321.101028,-2)
(729,620,322.313904,-2)
(724,627,323.406418,-2)
(719,633,324.425858,-2)
(715,640,325.417267,-2)
(710,647,326.434021,-2)
(708,650,329.036240,-2)
(704,657,331.690002,-2)
(700,664,333.151245,-2)
(697,671,334.095917,-2)
(693,679,334.757401,-2)
(690,686,335.237122,-2)
(686,694,335.581299,-2)
(683,701,335.802185,-2)
(680,708,335.870056,-2)
(676,716,335.624725,-2)
(673,723,335.624725,-2)
(673,723,335.624725,-2)
(670,729,335.624725,-2)
(667,735,335.624725,-2)
(664,741,335.624725,-2)
(661,747,335.624725,-2)
(658,753,335.624725,-2)
(655,759,335.624725,-2)
(652,765,335.624725,-2)
(649,771,335.624725,-2)
(646,777,335.624725,-2)
(643,783,335.624725,-2)
