8,9,10,11
(1125,-153,360.000000,-2)
(1125,-143,360.000000,-2)
(1125,-133,360.000000,-2)
(1125,-123,360.000000,-2)
(1125,-113,360.000000,-2)
(1125,-103,360.000000,-2)
(1125,-93,360.000000,-2)
(1125,-83,360.000000,-2)
(1125,-73,360.000000,-2)
(1125,-63,360.000000,-2)
(1125,-53,360.000000,-2)
(1125,-43,360.000000,-2)
(1125,-32,360.000000,-2)
(1125,-22,360.000000,-2)
(1125,-12,360.000000,-2)
(1125,-2,360.000000,-2)
(1124,8,355.154053,-2)
(1123,18,351.751251,-2)
(1121,28,351.751251,-2)
(1120,33,341.734207,-2)
(1116,42,337.360321,-2)
(1112,52,334.107239,-2)
(1107,61,331.364197,-2)
(1102,69,328.801849,-2)
(1097,78,326.167252,-2)
(1091,86,323.167770,-2)
(1084,94,319.305191,-2)
(1081,98,318.366455,-2)
(1074,105,313.050598,-2)
(1066,112,309.529816,-2)
(1058,119,306.977890,-2)
(1049,125,305.006439,-2)
(1041,131,303.406464,-2)
(1032,136,302.051880,-2)
(1023,142,300.856018,-2)
(1014,147,300.856018,-2)
(1010,150,298.482529,-2)
(1000,154,296.421814,-2)
(991,159,294.694214,-2)
(982,163,293.106003,-2)
(972,167,291.529434,-2)
(963,170,289.849518,-2)
(953,174,287.925278,-2)
(943,177,285.532104,-2)
(938,178,284.036240,-2)
(928,180,282.950134,-2)
(918,183,281.814194,-2)
(908,185,280.544846,-2)
(897,186,279.055969,-2)
(887,188,277.227264,-2)
(877,189,274.860565,-2)
(867,190,271.583588,-2)
(856,189,266.584213,-2)
(851,189,266.584213,-2)
(841,187,253.110611,-2)
(831,183,247.119797,-2)
(822,179,243.413071,-2)
(812,174,241.224930,-2)
(803,169,240.215027,-2)
(794,164,240.329346,-2)
(785,159,241.823532,-2)
(776,154,241.823532,-2)
(771,152,244.782867,-2)
(762,147,242.023865,-2)
(753,142,241.289444,-2)
(743,137,241.803818,-2)
(734,132,243.523987,-2)
(724,128,246.941971,-2)
(715,124,253.655762,-2)
(704,122,269.245178,-2)
(699,123,288.434952,-2)
(684,134,316.272095,-2)
(672,148,325.427551,-2)
(663,164,332.941193,-2)
(656,182,345.782593,-2)
(655,191,350.537689,-2)
(664,206,43.231384,-2)
(678,219,52.925816,-2)
(693,229,58.095762,-2)
(709,238,62.152983,-2)
(717,242,62.354023,-2)
(734,249,70.743469,-2)
(751,254,74.788100,-2)
(769,259,76.657062,-2)
(786,263,76.775399,-2)
(795,265,73.739796,-2)
(799,266,74.461882,-2)
(803,267,75.001760,-2)
(807,268,75.403213,-2)
(811,269,75.694590,-2)
(815,270,75.894924,-2)
(819,271,76.016953,-2)
(822,272,76.069327,-2)
(826,273,76.057398,-2)
(830,274,75.984104,-2)
(834,275,75.850222,-2)
(838,276,75.654577,-2)
(842,277,75.394011,-2)
(846,278,75.063090,-2)
(850,279,74.653928,-2)
(854,280,74.155163,-2)
(858,281,73.551123,-2)
(862,283,72.819962,-2)
(866,284,71.930866,-2)
(869,285,70.839582,-2)
(873,287,69.480196,-2)
(877,288,69.480196,-2)
(879,289,65.880638,-2)
(882,290,66.269335,-2)
(886,292,66.409126,-2)
(890,294,66.366579,-2)
(893,295,66.177214,-2)
(897,297,65.859262,-2)
(901,299,65.420288,-2)
(904,300,64.860029,-2)
(908,302,64.171446,-2)
(912,304,63.340860,-2)
(915,306,62.346960,-2)
(919,307,61.158567,-2)
(922,309,59.731150,-2)
(926,311,58.000923,-2)
(929,314,55.874645,-2)
(932,316,53.212963,-2)
(935,318,49.801651,-2)
(938,321,45.301006,-2)
(941,324,39.165401,-2)
(943,327,30.551960,-2)
(945,331,30.551960,-2)
(946,333,12.788017,-2)
(946,337,12.788017,-2)
(946,341,12.788017,-2)
(946,345,12.788017,-2)
(946,349,12.788017,-2)
(945,353,350.202209,-2)
(944,357,348.054535,-2)
(943,361,346.142761,-2)
(942,365,344.387772,-2)
(941,369,342.731262,-2)
(940,373,341.126556,-2)
(939,376,339.532486,-2)
(937,380,337.909180,-2)
(936,384,336.213531,-2)
(934,388,334.394440,-2)
(932,391,332.385849,-2)
(930,395,330.094864,-2)
(928,398,327.381775,-2)
(926,402,324.018951,-2)
(923,405,319.605133,-2)
(921,408,313.361374,-2)
(919,409,311.185928,-2)
(916,411,303.811234,-2)
(912,414,298.102829,-2)
(909,415,293.629852,-2)
(905,417,290.057251,-2)
(901,418,287.146301,-2)
(897,419,284.729767,-2)
(893,420,282.689896,-2)
(889,421,280.942581,-2)
(885,422,279.426697,-2)
(881,422,279.426697,-2)
(877,423,276.918610,-2)
(873,423,276.918610,-2)
(869,424,274.918640,-2)
(865,424,274.918640,-2)
(861,424,274.918640,-2)
(856,425,272.563354,-2)
(852,425,272.563354,-2)
(848,425,272.563354,-2)
(844,425,272.563354,-2)
(840,425,272.563354,-2)
(838,425,272.563354,-2)
(834,425,272.563354,-2)
(830,425,272.563354,-2)
(826,425,272.563354,-2)
(822,425,272.563354,-2)
(818,424,266.335648,-2)
(814,424,266.335648,-2)
(810,424,266.335648,-2)
(806,423,264.459732,-2)
(802,423,264.459732,-2)
(798,422,263.133560,-2)
(794,422,263.133560,-2)
(790,421,261.666565,-2)
(786,421,261.666565,-2)
(782,420,259.975586,-2)
(778,419,259.011444,-2)
(774,419,259.011444,-2)
(770,418,256.743805,-2)
(766,417,255.380051,-2)
(762,416,253.804779,-2)
(758,414,251.952454,-2)
(754,413,249.728027,-2)
(750,412,246.988754,-2)
(747,410,243.511108,-2)
(745,409,240.255112,-2)
(738,404,229.894638,-2)
(732,398,223.282242,-2)
(727,392,218.964066,-2)
(722,386,216.112007,-2)
(717,379,214.284027,-2)
(712,372,213.257263,-2)
(708,365,212.950630,-2)
(703,358,213.406288,-2)
(699,351,214.829002,-2)
(694,344,217.737495,-2)
(691,341,220.100906,-2)
(686,335,217.871246,-2)
(681,328,216.872658,-2)
(676,321,216.686928,-2)
(671,315,217.157143,-2)
(666,308,218.263153,-2)
(661,302,220.092819,-2)
(655,296,222.864563,-2)
(649,290,227.008240,-2)
(643,284,233.348587,-2)
(636,280,233.348587,-2)
(632,278,248.420761,-2)
(624,276,255.374908,-2)
(616,274,259.932480,-2)
(608,273,263.122589,-2)
(600,272,265.455551,-2)
(591,271,267.201935,-2)
(583,271,267.201935,-2)
(575,271,267.201935,-2)
(566,271,267.201935,-2)
(558,271,267.201935,-2)
(554,271,267.201935,-2)
(546,271,267.201935,-2)
(538,272,274.914581,-2)
(530,273,276.157928,-2)
(522,274,277.479996,-2)
(514,275,278.944534,-2)
(506,276,280.629578,-2)
(498,278,282.645325,-2)
(490,280,285.165054,-2)
(483,282,288.489349,-2)
(475,285,288.489349,-2)
(471,287,297.169022,-2)
(464,291,299.889984,-2)
(457,295,302.211060,-2)
(450,299,304.443222,-2)
(444,304,306.784882,-2)
(437,309,309.426392,-2)
(431,315,312.619980,-2)
(425,320,316.783310,-2)
(420,326,322.734177,-2)
(416,333,332.337509,-2)
(414,337,342.474426,-2)
(412,345,353.672272,-2)
(412,353,353.672272,-2)
(412,361,353.672272,-2)
(413,370,7.925537,-2)
(415,378,11.112167,-2)
(416,386,14.257172,-2)
(419,394,17.657898,-2)
(421,401,21.715958,-2)
(425,409,27.173756,-2)
(429,416,27.173756,-2)
(432,419,40.797771,-2)
(437,425,47.191139,-2)
(443,430,51.357437,-2)
(450,435,54.488499,-2)
(456,440,57.093769,-2)
(463,444,59.449348,-2)
(470,448,61.747030,-2)
(477,451,64.166433,-2)
(485,455,66.940336,-2)
(492,458,70.474092,-2)
(500,460,75.701957,-2)
(504,461,80.134193,-2)
(512,462,87.258104,-2)
(520,462,87.258104,-2)
(528,461,96.226793,-2)
(537,460,99.636049,-2)
(545,459,102.817056,-2)
(552,457,106.016150,-2)
(560,454,109.492714,-2)
(568,451,113.615402,-2)
(575,447,119.061377,-2)
(582,443,119.061377,-2)
(585,440,130.745010,-2)
(591,435,137.788250,-2)
(596,429,142.681309,-2)
(601,422,146.394505,-2)
(605,415,149.424900,-2)
(609,408,152.063202,-2)
(613,401,154.510330,-2)
(616,393,156.941917,-2)
(619,386,159.567001,-2)
(622,378,162.736580,-2)
(623,374,164.744881,-2)
(625,366,169.355820,-2)
(626,358,172.704277,-2)
(627,350,175.408493,-2)
(627,342,175.408493,-2)
(627,334,175.408493,-2)
(627,326,175.408493,-2)
(627,318,175.408493,-2)
(626,310,187.296112,-2)
(625,302,190.644333,-2)
(623,294,190.644333,-2)
(622,290,197.583611,-2)
(619,282,201.076202,-2)
(616,275,203.741943,-2)
(613,267,206.005524,-2)
(609,260,208.093582,-2)
(605,253,210.162682,-2)
(601,246,212.357056,-2)
(596,239,214.853615,-2)
(591,232,217.930717,-2)
(586,226,222.130188,-2)
(583,223,225.000000,-2)
(577,218,230.323853,-2)
(570,213,234.149216,-2)
(564,208,237.150970,-2)
(557,204,239.674469,-2)
(550,200,241.923584,-2)
(542,196,244.038498,-2)
(535,193,246.135040,-2)
(527,189,248.332413,-2)
(520,186,250.784897,-2)
(512,184,250.784897,-2)
(506,182,256.763382,-2)
(494,180,260.663651,-2)
(482,178,263.167801,-2)
(469,177,264.986908,-2)
(457,176,266.428726,-2)
(445,176,266.428726,-2)
(432,175,268.804825,-2)
(420,175,268.804825,-2)
(414,175,268.804825,-2)
(402,175,268.804825,-2)
(390,176,273.657211,-2)
(378,177,274.959335,-2)
(366,178,276.375076,-2)
(354,180,278.052628,-2)
(342,182,280.241959,-2)
(330,184,280.241959,-2)
(324,186,285.314926,-2)
(312,189,288.194366,-2)
(299,194,290.513809,-2)
(288,198,292.585358,-2)
(276,203,294.628326,-2)
(264,209,296.879181,-2)
(253,215,296.879181,-2)
(248,218,300.657822,-2)
(237,224,302.272568,-2)
(227,231,303.846039,-2)
(217,238,305.560028,-2)
(208,245,307.594955,-2)
(198,253,310.222961,-2)
(189,261,313.980591,-2)
(185,265,318.366455,-2)
(177,274,321.878815,-2)
(170,284,324.359451,-2)
(163,294,326.459686,-2)
(157,304,328.496674,-2)
(151,314,330.732132,-2)
(145,325,333.537903,-2)
(140,336,333.537903,-2)
(138,342,340.577682,-2)
(134,354,344.275772,-2)
(131,367,346.613342,-2)
(128,379,348.221405,-2)
(125,392,349.363678,-2)
(123,404,350.144531,-2)
(121,417,350.144531,-2)
(120,423,350.399933,-2)
(118,436,350.401031,-2)
(116,448,350.666779,-2)
(114,461,351.173279,-2)
(112,473,351.970062,-2)
(110,485,353.201935,-2)
(109,498,353.201935,-2)
(109,504,353.201935,-2)
(108,517,357.340088,-2)
(107,529,357.877777,-2)
(107,542,357.877777,-2)
(106,554,357.670197,-2)
(106,567,357.670197,-2)
(105,579,357.670197,-2)
(105,585,357.670197,-2)
(103,598,353.668060,-2)
(102,611,352.625214,-2)
(100,623,352.036407,-2)
(98,636,351.778625,-2)
(97,648,351.994019,-2)
(95,661,351.994019,-2)
(95,661,351.994019,-2)
(93,674,351.994019,-2)
(91,687,351.994019,-2)
(89,700,351.994019,-2)
(87,713,351.994019,-2)
(85,726,351.994019,-2)
(83,739,351.994019,-2)
(81,752,351.994019,-2)
(79,765,351.994019,-2)
(77,778,351.994019,-2)
(75,791,351.994019,-2)
(73,804,351.994019,-2)
(71,817,351.994019,-2)
(69,830,351.994019,-2)
