0,1,2,3,4,5,6,7,8,9,10,11
(1238,-113,315.000,-2)
(1233,-110,315.000,-2)
(1229,-107,315.000,-2)
(1225,-104,315.000,-2)
(1221,-101,315.000,-2)
(1217,-98,315.000,-2)
(1213,-96,315.000,-2)
(1209,-93,315.000,-2)
(1205,-90,315.000,-2)
(1200,-87,315.000,-2)
(1196,-84,315.000,-2)
(1192,-81,315.000,-2)
(1188,-79,315.000,-2)
(1184,-76,315.000,-2)
(1184,-76,315.000,-2)
(1180,-73,315.000,-2)
(1176,-70,315.000,-2)
(1172,-67,315.000,-2)
(1167,-64,315.000,-2)
(1163,-62,315.000,-2)
(1159,-59,315.000,-2)
(1155,-56,315.000,-2)
(1151,-53,315.000,-2)
(1147,-50,315.000,-2)
(1143,-47,315.000,-2)
(1139,-45,315.000,-2)
(1134,-42,315.000,-2)
(1130,-39,315.000,-2)
(1126,-36,315.000,-2)
(1122,-33,315.000,-2)
(1118,-30,315.000,-2)
(1114,-28,315.000,-2)
(1110,-25,315.000,-2)
(1106,-22,315.000,-2)
(1102,-19,315.000,-2)
(1097,-16,315.000,-2)
(1093,-13,315.000,-2)
(1089,-11,315.000,-2)
(1085,-8,315.000,-2)
(1081,-5,315.000,-2)
(1077,-2,315.000,-2)
(1073,0,315.000,-2)
(1069,3,315.000,-2)
(1064,5,315.000,-2)
(1060,8,315.000,-2)
(1056,11,315.000,-2)
(1052,14,315.000,-2)
(1048,17,315.000,-2)
(1044,20,315.000,-2)
(1040,22,315.000,-2)
(1036,25,315.000,-2)
(1031,28,315.000,-2)
(1027,31,315.000,-2)
(1023,34,315.000,-2)
(1019,37,315.000,-2)
(1015,39,315.000,-2)
(1011,42,315.000,-2)
(1007,45,315.000,-2)
(1003,48,315.000,-2)
(999,51,315.000,-2)
(994,54,315.000,-2)
(990,56,315.000,-2)
(986,59,315.000,-2)
(982,62,315.000,-2)
(978,65,315.000,-2)
(974,68,315.000,-2)
(970,71,315.000,-2)
(966,73,315.000,-2)
(961,76,315.000,-2)
(957,79,315.000,-2)
(953,82,315.000,-2)
(949,85,315.000,-2)
(945,88,315.000,-2)
(941,90,315.000,-2)
(937,93,315.000,-2)
(933,96,315.000,-2)
(928,99,315.000,-2)
(924,102,315.000,-2)
(920,105,315.000,-2)
(916,107,315.000,-2)
(912,110,315.000,-2)
(908,113,315.000,-2)
(904,116,315.000,-2)
(900,119,315.000,-2)
(896,122,315.000,-2)
(891,124,315.000,-2)
(887,127,315.000,-2)
(883,130,315.000,-2)
(879,133,315.000,-2)
(875,136,315.000,-2)
(871,139,315.000,-2)
(867,141,315.000,-2)
(863,144,315.000,-2)
(858,147,315.000,-2)
(854,150,315.000,-2)
(850,153,315.000,-2)
(846,156,315.000,-2)
(842,158,315.000,-2)
(838,161,315.000,-2)
(834,164,315.000,-2)
(830,167,315.000,-2)
(825,170,315.000,-2)
(821,173,315.000,-2)
(817,175,315.000,-2)
(813,178,315.000,-2)
(809,181,315.000,-2)
(805,184,315.000,-2)
(801,187,315.000,-2)
(797,190,315.000,-2)
(793,192,315.000,-2)
(788,195,315.000,-2)
(784,198,315.000,-2)
(780,201,315.000,-2)
(776,204,315.000,-2)
(772,207,315.000,-2)
(768,209,315.000,-2)
(764,212,315.000,-2)
(760,215,315.000,-2)
(755,218,315.000,-2)
(751,221,315.000,-2)
(747,224,315.000,-2)
(743,226,315.000,-2)
(739,229,315.000,-2)
(735,232,315.000,-2)
(731,235,315.000,-2)
(727,238,315.000,-2)
(722,241,315.000,-2)
(718,243,315.000,-2)
(714,246,315.000,-2)
(710,249,315.000,-2)
(706,252,315.000,-2)
(702,255,315.000,-2)
(698,258,315.000,-2)
(694,260,315.000,-2)
(690,263,315.000,-2)
(685,266,315.000,-2)
(681,269,315.000,-2)
(677,272,315.000,-2)
(673,275,315.000,-2)
(669,277,315.000,-2)
(665,280,315.000,-2)
(661,283,315.000,-2)
(657,286,315.000,-2)
(652,289,315.000,-2)
(648,292,315.000,-2)
(644,294,315.000,-2)
(640,297,315.000,-2)
(636,300,315.000,-2)
(632,303,315.000,-2)
(628,306,315.000,-2)
(624,309,315.000,-2)
(619,311,315.000,-2)
(615,314,315.000,-2)
(611,317,315.000,-2)
(607,320,315.000,-2)
(603,323,315.000,-2)
(599,326,315.000,-2)
(595,328,315.000,-2)
(591,331,315.000,-2)
(587,334,315.000,-2)
(582,337,315.000,-2)
(578,340,315.000,-2)
(574,343,315.000,-2)
(570,345,315.000,-2)
(566,348,315.000,-2)
(562,351,315.000,-2)
(558,354,315.000,-2)
(554,357,315.000,-2)
(549,360,315.000,-2)
(545,362,315.000,-2)
(541,365,315.000,-2)
(537,368,315.000,-2)
(533,371,315.000,-2)
(529,374,315.000,-2)
(525,377,315.000,-2)
(521,379,315.000,-2)
(516,382,315.000,-2)
(512,385,315.000,-2)
(508,388,315.000,-2)
(504,391,315.000,-2)
(500,394,315.000,-2)
(496,396,315.000,-2)
(492,399,315.000,-2)
(488,402,315.000,-2)
(484,405,315.000,-2)
(479,408,315.000,-2)
(475,411,315.000,-2)
(471,413,315.000,-2)
(467,416,315.000,-2)
(463,419,315.000,-2)
(459,422,315.000,-2)
(455,425,315.000,-2)
(451,428,315.000,-2)
(446,430,315.000,-2)
(442,433,315.000,-2)
(438,436,315.000,-2)
(434,439,315.000,-2)
(430,442,315.000,-2)
(426,445,315.000,-2)
(422,447,315.000,-2)
(418,450,315.000,-2)
(413,453,315.000,-2)
(409,456,315.000,-2)
(405,459,315.000,-2)
(401,462,315.000,-2)
(397,464,315.000,-2)
(393,467,315.000,-2)
(389,470,315.000,-2)
(385,473,315.000,-2)
(381,476,315.000,-2)
(376,479,315.000,-2)
(372,481,315.000,-2)
(368,484,315.000,-2)
(364,487,315.000,-2)
(360,490,315.000,-2)
(356,493,315.000,-2)
(352,496,315.000,-2)
(348,498,315.000,-2)
(343,501,315.000,-2)
(339,504,315.000,-2)
(335,507,315.000,-2)
(331,510,315.000,-2)
(327,513,315.000,-2)
(323,515,315.000,-2)
(319,518,315.000,-2)
(315,521,315.000,-2)
(310,524,315.000,-2)
(306,527,315.000,-2)
(302,530,315.000,-2)
(298,532,315.000,-2)
(294,535,315.000,-2)
(290,538,315.000,-2)
(286,541,315.000,-2)
(282,544,315.000,-2)
(278,547,315.000,-2)
(273,549,315.000,-2)
(269,552,315.000,-2)
(265,555,315.000,-2)
(261,558,315.000,-2)
(257,561,315.000,-2)
(253,564,315.000,-2)
(249,566,315.000,-2)
(245,569,315.000,-2)
(240,572,315.000,-2)
(236,575,315.000,-2)
(232,578,315.000,-2)
(228,581,315.000,-2)
(224,583,315.000,-2)
(220,586,315.000,-2)
(216,589,315.000,-2)
(212,592,315.000,-2)
(207,595,315.000,-2)
(203,598,315.000,-2)
(199,600,315.000,-2)
(195,603,315.000,-2)
(191,606,315.000,-2)
(187,609,315.000,-2)
(183,612,315.000,-2)
(179,615,315.000,-2)
(175,617,315.000,-2)
(170,620,315.000,-2)
(166,623,315.000,-2)
(162,626,315.000,-2)
(158,629,315.000,-2)
(154,632,315.000,-2)
(150,634,315.000,-2)
(146,637,315.000,-2)
(142,640,315.000,-2)
(137,643,315.000,-2)
(133,646,315.000,-2)
(129,649,315.000,-2)
(125,651,315.000,-2)
(121,654,315.000,-2)
(117,657,315.000,-2)
(113,660,315.000,-2)
(109,663,315.000,-2)
(104,666,315.000,-2)
(100,668,315.000,-2)
(96,671,315.000,-2)
(92,674,315.000,-2)
(88,677,315.000,-2)
(84,680,315.000,-2)
(80,683,315.000,-2)
(76,685,315.000,-2)
(72,688,315.000,-2)
(67,691,315.000,-2)
(63,694,315.000,-2)
(59,697,315.000,-2)
(55,700,315.000,-2)
(51,702,315.000,-2)
(47,705,315.000,-2)
(43,708,315.000,-2)
(39,711,315.000,-2)
(34,714,315.000,-2)
(30,717,315.000,-2)
(26,719,315.000,-2)
(22,722,315.000,-2)
(18,725,315.000,-2)
(14,728,315.000,-2)
(10,731,315.000,-2)
(6,734,315.000,-2)
(1,736,315.000,-2)
(-2,739,315.000,-2)
(-6,742,315.000,-2)
(-10,745,315.000,-2)
(-14,748,315.000,-2)
(-18,751,315.000,-2)
(-22,753,315.000,-2)
(-26,756,315.000,-2)
(-30,759,315.000,-2)
(-35,762,315.000,-2)
(-39,765,315.000,-2)
(-43,768,315.000,-2)
(-47,770,315.000,-2)
(-51,773,315.000,-2)
(-55,776,315.000,-2)
(-59,779,315.000,-2)
(-63,782,315.000,-2)
(-68,785,315.000,-2)
(-72,787,315.000,-2)
(-76,790,315.000,-2)
(-80,793,315.000,-2)
(-84,796,315.000,-2)
(-88,799,315.000,-2)
(-92,802,315.000,-2)
(-96,804,315.000,-2)
(-101,807,315.000,-2)
(-105,810,315.000,-2)
(-109,813,315.000,-2)
(-113,816,315.000,-2)
(-117,819,315.000,-2)
(-121,821,315.000,-2)
(-125,824,315.000,-2)
(-129,827,315.000,-2)
(-133,830,315.000,-2)
(-138,833,315.000,-2)
(-142,836,315.000,-2)
(-146,838,315.000,-2)
(-150,841,315.000,-2)
(-154,844,315.000,-2)
(-158,847,315.000,-2)
(-162,850,315.000,-2)
(-166,853,315.000,-2)
