0,1,2,3,4,6,8,9,10,11
(-114,390,64.285192,-2)
(-109,392,64.285192,-2)
(-104,394,64.285192,-2)
(-99,396,64.285192,-2)
(-94,398,64.285192,-2)
(-89,400,64.285192,-2)
(-84,402,64.285192,-2)
(-79,404,64.285192,-2)
(-74,406,64.285192,-2)
(-69,408,64.285192,-2)
(-64,410,64.285192,-2)
(-59,413,64.285192,-2)
(-53,415,64.071005,-2)
(-48,418,64.078468,-2)
(-42,420,64.185947,-2)
(-37,423,64.358461,-2)
(-31,426,64.585157,-2)
(-26,428,64.865446,-2)
(-20,431,65.205181,-2)
(-15,433,65.616522,-2)
(-9,436,66.119583,-2)
(-4,438,66.747108,-2)
(1,441,67.553812,-2)
(6,443,68.638628,-2)
(12,445,68.638628,-2)
(15,446,70.871960,-2)
(21,448,71.941027,-2)
(26,450,72.765457,-2)
(32,451,73.428703,-2)
(38,453,73.979609,-2)
(44,455,74.448859,-2)
(49,456,74.856997,-2)
(55,458,75.218330,-2)
(61,459,75.543340,-2)
(67,461,75.840045,-2)
(73,462,76.114848,-2)
(79,464,76.373158,-2)
(84,465,76.619876,-2)
(90,467,76.859861,-2)
(96,468,77.098687,-2)
(102,469,77.343470,-2)
(105,470,77.471192,-2)
(111,471,78.211678,-2)
(117,472,78.814341,-2)
(123,474,79.312272,-2)
(129,475,79.727526,-2)
(135,476,80.075440,-2)
(141,477,80.366432,-2)
(147,478,80.607780,-2)
(153,479,80.804132,-2)
(159,480,80.957930,-2)
(165,481,81.069548,-2)
(171,482,81.137163,-2)
(177,483,81.155833,-2)
(183,484,81.116420,-2)
(189,485,81.002769,-2)
(192,485,81.002769,-2)
(198,486,80.549007,-2)
(204,487,80.297822,-2)
(210,488,80.138045,-2)
(216,489,80.057643,-2)
(222,490,80.049404,-2)
(228,491,80.109502,-2)
(233,492,80.236989,-2)
(239,493,80.433709,-2)
(245,494,80.704203,-2)
(251,495,81.056236,-2)
(257,496,81.501705,-2)
(263,497,82.057796,-2)
(269,498,82.749573,-2)
(272,498,82.749573,-2)
(278,499,83.772146,-2)
(284,499,83.772146,-2)
(290,500,84.521284,-2)
(296,501,84.768478,-2)
(303,501,84.768478,-2)
(309,502,85.123191,-2)
(315,502,85.123191,-2)
(321,503,85.355740,-2)
(327,503,85.355740,-2)
(333,504,85.500942,-2)
(339,504,85.500942,-2)
(346,505,85.565159,-2)
(352,505,85.565159,-2)
(358,506,85.520841,-2)
(364,506,85.520841,-2)
(367,506,85.520841,-2)
(373,507,81.761092,-2)
(379,508,81.179818,-2)
(385,509,80.817381,-2)
(391,510,80.643403,-2)
(397,511,80.640393,-2)
(403,512,80.800301,-2)
(409,513,81.123460,-2)
(415,514,81.617964,-2)
(421,515,82.300737,-2)
(427,515,82.300737,-2)
(433,516,84.354062,-2)
(439,517,85.827186,-2)
(445,517,85.827186,-2)
(448,517,85.827186,-2)
(454,518,86.445968,-2)
(460,518,86.445968,-2)
(466,518,86.445968,-2)
(473,519,87.522130,-2)
(479,519,87.522130,-2)
(485,519,87.522130,-2)
(491,519,87.522130,-2)
(497,519,87.522130,-2)
(503,520,88.689789,-2)
(509,520,88.689789,-2)
(516,520,88.689789,-2)
(522,520,88.689789,-2)
(528,520,88.689789,-2)
(534,520,88.689789,-2)
(537,520,88.689789,-2)
(543,520,88.689789,-2)
(549,520,88.689789,-2)
(555,521,88.262225,-2)
(562,521,88.262225,-2)
(568,521,88.262225,-2)
(574,521,88.262225,-2)
(580,521,88.262225,-2)
(586,521,88.262225,-2)
(592,522,88.853401,-2)
(598,522,88.853401,-2)
(604,522,88.853401,-2)
(611,522,88.853401,-2)
(617,522,88.853401,-2)
(623,522,88.853401,-2)
(629,522,88.853401,-2)
(632,522,88.853401,-2)
(638,522,88.853401,-2)
(644,522,88.853401,-2)
(650,522,88.853401,-2)
(656,522,88.853401,-2)
(662,522,88.853401,-2)
(668,522,88.853401,-2)
(674,522,88.853401,-2)
(680,522,88.853401,-2)
(686,522,88.853401,-2)
(692,522,88.853401,-2)
(698,522,88.853401,-2)
(704,522,88.853401,-2)
(710,523,88.705986,-2)
(716,523,88.705986,-2)
(722,523,88.705986,-2)
(725,523,88.705986,-2)
(731,523,88.705986,-2)
(737,524,86.781439,-2)
(743,524,86.781439,-2)
(750,524,86.781439,-2)
(756,525,85.902225,-2)
(762,525,85.902225,-2)
(768,526,85.664464,-2)
(774,526,85.664464,-2)
(780,527,85.650648,-2)
(786,527,85.650648,-2)
(792,528,85.881893,-2)
(799,528,85.881893,-2)
(805,528,85.881893,-2)
(811,529,86.964182,-2)
(817,529,86.964182,-2)
(820,529,86.964182,-2)
(826,529,86.964182,-2)
(832,530,87.889499,-2)
(839,530,87.889499,-2)
(845,530,87.889499,-2)
(851,530,87.889499,-2)
(857,530,87.889499,-2)
(863,531,88.611365,-2)
(869,531,88.611365,-2)
(875,531,88.611365,-2)
(882,531,88.611365,-2)
(888,531,88.611365,-2)
(894,531,88.611365,-2)
(897,531,88.611365,-2)
(903,531,88.611365,-2)
(909,531,88.611365,-2)
(915,531,88.611365,-2)
(921,531,88.611365,-2)
(928,531,88.611365,-2)
(934,531,88.611365,-2)
(940,531,88.611365,-2)
(946,531,88.611365,-2)
(952,532,89.275107,-2)
(958,532,89.275107,-2)
(964,532,89.275107,-2)
(970,532,89.275107,-2)
(976,532,89.275107,-2)
(983,532,89.275107,-2)
(989,532,89.275107,-2)
(995,532,89.275107,-2)
(1001,532,89.275107,-2)
(1004,532,89.275107,-2)
(1010,532,89.275107,-2)
(1016,532,89.275107,-2)
(1022,532,89.275107,-2)
(1029,532,89.275107,-2)
(1035,532,89.275107,-2)
(1041,532,89.275107,-2)
(1047,532,89.275107,-2)
(1053,532,89.275107,-2)
(1059,532,89.275107,-2)
(1066,532,89.275107,-2)
(1072,532,89.275107,-2)
(1078,532,89.275107,-2)
(1084,532,89.275107,-2)
(1087,532,89.275107,-2)
(1093,532,89.275107,-2)
(1099,532,89.275107,-2)
(1105,532,89.275107,-2)
(1111,532,89.275107,-2)
(1117,532,89.275107,-2)
(1123,532,89.275107,-2)
(1130,533,89.079230,-2)
(1136,533,89.079230,-2)
(1142,533,89.079230,-2)
(1148,533,89.079230,-2)
(1154,533,89.079230,-2)
(1160,533,89.079230,-2)
(1166,533,89.079230,-2)
(1172,533,89.079230,-2)
(1175,533,89.079230,-2)
(1181,533,89.079230,-2)
(1187,533,89.079230,-2)
(1193,533,89.079230,-2)
(1199,533,89.079230,-2)
(1205,533,89.079230,-2)
(1211,533,89.079230,-2)
(1217,533,89.079230,-2)
(1224,534,89.183636,-2)
(1230,534,89.183636,-2)
(1236,534,89.183636,-2)
(1242,534,89.183636,-2)
(1248,534,89.183636,-2)
(1254,534,89.183636,-2)
(1260,534,89.183636,-2)
(1266,534,89.183636,-2)
(1269,534,89.183636,-2)
(1275,534,89.183636,-2)
(1281,534,89.183636,-2)
(1288,534,89.183636,-2)
(1294,534,89.183636,-2)
(1300,534,89.183636,-2)
(1306,534,89.183636,-2)
(1313,534,89.183636,-2)
(1319,534,89.183636,-2)
(1325,534,89.183636,-2)
(1331,534,89.183636,-2)
(1337,534,89.183636,-2)
(1344,534,89.183636,-2)
(1350,534,89.183636,-2)
(1353,534,89.183636,-2)
(1356,534,89.183636,-2)
(1362,534,89.183636,-2)
(1368,534,89.183636,-2)
(1374,534,89.183636,-2)
(1380,534,89.183636,-2)
(1386,534,89.183636,-2)
(1392,534,89.183636,-2)
(1398,534,89.183636,-2)
(1404,534,89.183636,-2)
(1410,534,89.183636,-2)
