1,2,3,4,6,8,9,10,11
(1277,781,257.329483,-2)
(1267,779,257.329483,-2)
(1257,777,257.329483,-2)
(1247,775,257.329483,-2)
(1237,773,257.329483,-2)
(1227,771,257.329483,-2)
(1217,769,257.329483,-2)
(1207,767,257.329483,-2)
(1197,765,257.329483,-2)
(1187,763,257.329483,-2)
(1177,761,257.329483,-2)
(1167,759,257.329483,-2)
(1157,757,257.220337,-2)
(1148,754,257.187531,-2)
(1138,752,257.187820,-2)
(1128,750,257.210251,-2)
(1118,748,257.253281,-2)
(1108,746,257.320847,-2)
(1099,743,257.424286,-2)
(1089,741,257.591293,-2)
(1079,739,257.591293,-2)
(1074,738,258.099701,-2)
(1064,736,258.985611,-2)
(1053,734,259.510132,-2)
(1043,732,259.757538,-2)
(1033,730,259.760696,-2)
(1023,728,259.515869,-2)
(1012,726,258.980286,-2)
(1002,724,258.051666,-2)
(992,722,258.051666,-2)
(987,721,256.091675,-2)
(977,718,255.494675,-2)
(967,716,255.084030,-2)
(957,713,254.788925,-2)
(947,710,254.574783,-2)
(937,707,254.424606,-2)
(927,705,254.332306,-2)
(917,702,254.302612,-2)
(907,699,254.302612,-2)
(902,698,252.930649,-2)
(893,694,251.758759,-2)
(883,691,250.935623,-2)
(873,688,250.316666,-2)
(864,684,249.829681,-2)
(854,681,249.434998,-2)
(845,677,249.109589,-2)
(835,674,248.841324,-2)
(826,670,248.841324,-2)
(821,668,248.706085,-2)
(812,664,248.723526,-2)
(802,661,248.596954,-2)
(793,657,248.346436,-2)
(783,653,247.974014,-2)
(774,649,247.467606,-2)
(764,645,246.799561,-2)
(755,641,245.920334,-2)
(750,639,247.380142,-2)
(740,635,244.554260,-2)
(731,630,242.940704,-2)
(722,625,241.952744,-2)
(712,620,241.360565,-2)
(703,615,241.067337,-2)
(694,610,241.045395,-2)
(685,605,241.324219,-2)
(675,600,242.016998,-2)
(666,595,242.016998,-2)
(661,593,244.902847,-2)
(652,589,245.591919,-2)
(643,585,246.019882,-2)
(634,581,246.225204,-2)
(625,576,246.225266,-2)
(616,572,246.019882,-2)
(607,568,245.591949,-2)
(598,564,244.902817,-2)
(593,562,246.501434,-2)
(584,558,245.084732,-2)
(574,553,244.252792,-2)
(565,549,243.714905,-2)
(556,544,243.356735,-2)
(547,540,243.126846,-2)
(538,535,243.004181,-2)
(528,530,242.988953,-2)
(519,526,243.106644,-2)
(510,521,243.106644,-2)
(505,519,242.363235,-2)
(496,514,242.163651,-2)
(487,509,241.921692,-2)
(478,504,241.629913,-2)
(469,499,241.273499,-2)
(460,494,240.827087,-2)
(452,489,240.246277,-2)
(443,484,239.446259,-2)
(434,479,239.446259,-2)
(430,476,238.255386,-2)
(421,471,237.913391,-2)
(412,465,237.171539,-2)
(404,460,236.056061,-2)
(395,454,234.526657,-2)
(387,448,232.478226,-2)
(379,441,229.713989,-2)
(372,435,225.876160,-2)
(368,431,221.633545,-2)
(361,423,218.300751,-2)
(355,415,216.046822,-2)
(349,407,214.303192,-2)
(344,398,212.816475,-2)
(338,389,211.439888,-2)
(333,381,210.059601,-2)
(328,372,208.550385,-2)
(323,363,206.715309,-2)
(321,358,205.559967,-2)
(316,349,205.565529,-2)
(312,339,204.991371,-2)
(308,330,203.989426,-2)
(304,320,202.551567,-2)
(300,310,200.567261,-2)
(296,300,197.793243,-2)
(293,290,193.730492,-2)
(291,280,187.267967,-2)
(291,275,187.267967,-2)
(291,264,187.267967,-2)
(292,254,172.633041,-2)
(294,243,169.333374,-2)
(296,233,166.205727,-2)
(299,223,162.873978,-2)
(302,213,158.881065,-2)
(307,203,153.381302,-2)
(312,194,153.381302,-2)
(315,190,137.415161,-2)
(323,183,128.746136,-2)
(331,177,123.584614,-2)
(340,171,120.263338,-2)
(349,166,118.059507,-2)
(359,161,116.651634,-2)
(368,157,115.940882,-2)
(377,152,116.049728,-2)
(382,150,114.443956,-2)
(391,146,114.051744,-2)
(400,142,113.474823,-2)
(410,138,112.732796,-2)
(419,134,111.801920,-2)
(428,130,110.623909,-2)
(438,127,109.091169,-2)
(447,124,107.002024,-2)
(457,121,103.938316,-2)
(462,120,101.309933,-2)
(472,118,97.871254,-2)
(482,117,95.534803,-2)
(493,116,93.842695,-2)
(503,116,93.842695,-2)
(513,115,91.598975,-2)
(523,115,91.598975,-2)
(534,115,91.598975,-2)
(544,115,91.598975,-2)
(549,115,91.598975,-2)
(560,115,91.598975,-2)
(570,115,91.598975,-2)
(581,115,91.598975,-2)
(591,115,91.598975,-2)
(602,115,91.598975,-2)
(613,115,91.598975,-2)
(623,115,91.598975,-2)
(634,115,91.598975,-2)
(639,115,91.598975,-2)
(649,115,91.598975,-2)
(659,116,86.113745,-2)
(669,117,85.641185,-2)
(679,118,85.321907,-2)
(689,118,85.321907,-2)
(699,119,85.081321,-2)
(709,120,85.167097,-2)
(719,121,85.167097,-2)
(724,122,82.766018,-2)
(735,123,82.221799,-2)
(745,124,81.853570,-2)
(755,126,81.583888,-2)
(766,128,81.376519,-2)
(776,129,81.212487,-2)
(786,131,81.081563,-2)
(797,132,80.979561,-2)
(807,134,80.979561,-2)
(812,135,79.854371,-2)
(822,137,78.335464,-2)
(832,139,77.353950,-2)
(843,141,76.752317,-2)
(853,144,76.460601,-2)
(863,146,76.464065,-2)
(873,149,76.800777,-2)
(883,151,77.588899,-2)
(888,152,75.963757,-2)
(898,154,76.732030,-2)
(908,157,77.103700,-2)
(917,159,77.226402,-2)
(927,161,77.155766,-2)
(937,163,76.903009,-2)
(947,166,76.445272,-2)
(956,168,75.716347,-2)
(966,171,74.567529,-2)
(971,172,73.739796,-2)
(981,175,71.672165,-2)
(991,179,70.442320,-2)
(1001,182,69.778997,-2)
(1011,186,69.555008,-2)
(1021,190,69.720602,-2)
(1031,193,70.280668,-2)
(1041,197,71.294580,-2)
(1051,200,71.294580,-2)
(1056,201,73.503077,-2)
(1066,204,73.512669,-2)
(1075,207,73.518280,-2)
(1085,210,73.521471,-2)
(1095,213,73.522938,-2)
(1105,216,73.522945,-2)
(1115,219,73.521477,-2)
(1125,222,73.518282,-2)
(1134,225,73.512678,-2)
(1144,228,73.503033,-2)
(1149,229,71.565052,-2)
(1159,232,71.686760,-2)
(1169,236,71.750294,-2)
(1179,239,71.764231,-2)
(1189,242,71.732119,-2)
(1198,245,71.653706,-2)
(1208,249,71.524832,-2)
(1218,252,71.336721,-2)
(1228,255,71.073845,-2)
(1233,257,68.962488,-2)
(1243,261,68.107347,-2)
(1253,265,67.643093,-2)
(1262,269,67.330578,-2)
(1272,273,67.092276,-2)
(1282,277,66.892473,-2)
(1291,281,66.708841,-2)
(1301,285,66.519970,-2)
(1311,290,66.288242,-2)
(1320,294,65.868711,-2)
(1325,296,65.868711,-2)
(1328,298,65.868711,-2)
(1336,302,65.868711,-2)
(1344,306,65.868711,-2)
(1352,310,65.868711,-2)
(1360,314,65.868711,-2)
(1368,318,65.868711,-2)
(1376,322,65.868711,-2)
(1384,326,65.868711,-2)
(1392,330,65.868711,-2)
(1400,334,65.868711,-2)
