1,2,3,4,6,8,9,10,11
(1368,-37,270.000000,-2)
(1358,-37,270.000000,-2)
(1348,-37,270.000000,-2)
(1338,-37,270.000000,-2)
(1328,-37,270.000000,-2)
(1318,-37,270.000000,-2)
(1308,-37,270.000000,-2)
(1298,-37,270.000000,-2)
(1288,-37,270.000000,-2)
(1278,-37,270.000000,-2)
(1268,-37,270.000000,-2)
(1258,-37,270.000000,-2)
(1248,-37,270.000000,-2)
(1238,-37,270.000000,-2)
(1228,-37,270.000000,-2)
(1218,-37,270.000000,-2)
(1208,-37,270.000000,-2)
(1198,-37,270.000000,-2)
(1188,-37,270.000000,-2)
(1178,-37,270.000000,-2)
(1168,-37,270.000000,-2)
(1158,-37,270.000000,-2)
(1148,-37,270.000000,-2)
(1138,-37,270.000000,-2)
(1128,-37,270.000000,-2)
(1118,-37,270.000000,-2)
(1108,-38,269.151657,-2)
(1098,-38,269.151657,-2)
(1088,-38,269.151657,-2)
(1078,-38,269.151657,-2)
(1068,-38,269.151657,-2)
(1063,-38,269.151657,-2)
(1053,-38,269.151657,-2)
(1043,-38,269.151657,-2)
(1033,-38,269.151657,-2)
(1023,-38,269.151657,-2)
(1013,-38,269.151657,-2)
(1003,-38,269.151657,-2)
(993,-37,271.647614,-2)
(983,-37,271.647614,-2)
(978,-37,271.647614,-2)
(967,-36,273.335007,-2)
(957,-36,273.335007,-2)
(947,-35,274.241379,-2)
(936,-34,274.639252,-2)
(926,-33,275.047562,-2)
(916,-32,275.502823,-2)
(905,-31,276.061722,-2)
(895,-30,276.061722,-2)
(890,-29,277.741013,-2)
(880,-28,279.072739,-2)
(870,-26,279.962112,-2)
(860,-24,280.525925,-2)
(850,-22,280.818314,-2)
(840,-21,280.851578,-2)
(830,-19,280.597885,-2)
(820,-17,279.971161,-2)
(815,-16,279.462326,-2)
(805,-14,278.987503,-2)
(795,-13,278.766418,-2)
(785,-11,278.737274,-2)
(775,-10,278.873825,-2)
(766,-8,279.172089,-2)
(756,-7,279.647049,-2)
(746,-5,280.335968,-2)
(736,-3,280.335968,-2)
(731,-2,281.055603,-2)
(720,0,283.056473,-2)
(710,2,284.223373,-2)
(700,4,284.922836,-2)
(690,7,285.300659,-2)
(680,10,285.408432,-2)
(669,13,285.234375,-2)
(659,15,284.687057,-2)
(649,18,284.687057,-2)
(644,19,283.610031,-2)
(634,22,283.942429,-2)
(623,24,284.400314,-2)
(613,27,284.988327,-2)
(603,30,285.729492,-2)
(593,33,286.668152,-2)
(583,36,287.881866,-2)
(573,39,289.510132,-2)
(568,41,290.556046,-2)
(559,45,292.392456,-2)
(549,49,293.605362,-2)
(540,53,294.473450,-2)
(531,57,295.124527,-2)
(522,61,295.624863,-2)
(513,66,296.010300,-2)
(504,70,296.298157,-2)
(495,75,296.489944,-2)
(486,79,296.489944,-2)
(481,81,297.315842,-2)
(472,86,298.364334,-2)
(463,91,299.033218,-2)
(454,96,299.455734,-2)
(445,101,299.693481,-2)
(436,106,299.771317,-2)
(427,111,299.687775,-2)
(419,117,299.412674,-2)
(410,122,298.867783,-2)
(405,124,300.256439,-2)
(396,129,299.819153,-2)
(387,134,299.656311,-2)
(378,140,299.678024,-2)
(369,145,299.852615,-2)
(360,150,300.179337,-2)
(351,155,300.683441,-2)
(342,161,301.425217,-2)
(333,166,302.530960,-2)
(324,172,302.530960,-2)
(320,175,304.857666,-2)
(311,181,305.819778,-2)
(302,187,306.641113,-2)
(294,194,307.396225,-2)
(286,200,308.139145,-2)
(277,207,308.921875,-2)
(269,214,309.811966,-2)
(261,221,310.924774,-2)
(257,224,313.363419,-2)
(250,231,314.043610,-2)
(243,238,314.795074,-2)
(236,245,315.653503,-2)
(229,252,316.666092,-2)
(222,260,317.903397,-2)
(215,267,319.481735,-2)
(209,275,321.613556,-2)
(203,283,324.742264,-2)
(200,287,330.255112,-2)
(195,296,330.962051,-2)
(190,305,332.141541,-2)
(186,314,333.762527,-2)
(181,323,335.908859,-2)
(177,332,338.774475,-2)
(174,342,342.728607,-2)
(171,352,348.486725,-2)
(170,362,348.486725,-2)
(170,367,348.486725,-2)
(170,378,348.486725,-2)
(172,388,8.550606,-2)
(174,398,11.547798,-2)
(176,408,14.498306,-2)
(179,418,17.722519,-2)
(182,428,21.650581,-2)
(186,437,27.106873,-2)
(189,442,31.759483,-2)
(195,451,39.181202,-2)
(202,458,43.814297,-2)
(210,466,47.121552,-2)
(217,473,49.724583,-2)
(226,479,51.950188,-2)
(234,486,54.017605,-2)
(243,492,56.137321,-2)
(251,497,58.638605,-2)
(256,500,59.420774,-2)
(265,505,64.384279,-2)
(275,509,67.813444,-2)
(284,513,70.246635,-2)
(294,516,71.970135,-2)
(304,519,73.128706,-2)
(314,522,73.768164,-2)
(324,525,73.830256,-2)
(334,528,73.830256,-2)
(339,529,72.940691,-2)
(349,533,72.916697,-2)
(359,536,73.127638,-2)
(368,538,73.534512,-2)
(378,541,74.138308,-2)
(388,544,74.971189,-2)
(398,547,76.103435,-2)
(408,549,77.669505,-2)
(413,550,76.504267,-2)
(423,552,77.091035,-2)
(434,555,77.600427,-2)
(444,557,78.098046,-2)
(454,559,78.625221,-2)
(465,561,79.222089,-2)
(475,563,79.942349,-2)
(485,565,80.876754,-2)
(496,566,82.212098,-2)
(501,567,83.157227,-2)
(511,568,83.697287,-2)
(522,569,84.168286,-2)
(532,570,84.615528,-2)
(542,571,85.070117,-2)
(553,572,85.560619,-2)
(563,573,86.121731,-2)
(574,573,86.121731,-2)
(584,574,86.121731,-2)
(589,574,86.121731,-2)
(599,574,86.121731,-2)
(610,575,89.081528,-2)
(620,575,89.081528,-2)
(630,575,89.081528,-2)
(640,575,89.081528,-2)
(651,575,89.081528,-2)
(661,575,89.081528,-2)
(671,575,89.081528,-2)
(676,575,89.081528,-2)
(686,575,89.081528,-2)
(696,575,89.081528,-2)
(706,575,89.081528,-2)
(717,575,89.081528,-2)
(727,575,89.081528,-2)
(737,575,89.081528,-2)
(747,575,89.081528,-2)
(757,575,89.081528,-2)
(762,575,89.081528,-2)
(772,574,93.852388,-2)
(782,573,94.724006,-2)
(793,573,94.724006,-2)
(803,571,96.180303,-2)
(813,570,96.800509,-2)
(823,569,97.365641,-2)
(833,568,97.885108,-2)
(838,567,98.130103,-2)
(848,566,98.539557,-2)
(858,564,98.870758,-2)
(868,562,99.177293,-2)
(879,561,99.485302,-2)
(889,559,99.813697,-2)
(899,557,100.181409,-2)
(909,555,100.612963,-2)
(919,553,101.146013,-2)
(929,551,101.847425,-2)
(939,549,102.856382,-2)
(944,548,103.134023,-2)
(954,545,105.068174,-2)
(964,543,106.497454,-2)
(974,540,107.565664,-2)
(984,536,108.355186,-2)
(993,533,108.911905,-2)
(1003,530,109.255896,-2)
(1013,526,109.384192,-2)
(1022,523,109.265697,-2)
(1032,520,108.823992,-2)
(1037,518,106.504362,-2)
(1047,515,107.135921,-2)
(1056,512,107.587568,-2)
(1066,509,107.922426,-2)
(1075,506,108.173489,-2)
(1085,503,108.358274,-2)
(1094,500,108.484541,-2)
(1104,496,108.551458,-2)
(1113,493,108.546822,-2)
(1123,490,108.546822,-2)
(1128,489,105.913741,-2)
(1137,486,106.404577,-2)
(1147,483,106.861383,-2)
(1157,480,107.313877,-2)
(1166,477,107.786266,-2)
(1176,474,108.303623,-2)
(1185,471,108.898531,-2)
(1195,467,109.620296,-2)
(1204,464,109.620296,-2)
(1209,462,111.812572,-2)
(1218,458,113.325136,-2)
(1228,454,114.243275,-2)
(1237,450,114.882456,-2)
(1247,445,115.365856,-2)
(1256,441,115.753407,-2)
(1265,436,116.078676,-2)
(1275,432,116.360756,-2)
(1284,427,116.360756,-2)
(1284,427,116.360756,-2)
(1293,423,116.360756,-2)
(1302,419,116.360756,-2)
(1311,415,116.360756,-2)
(1320,411,116.360756,-2)
(1329,407,116.360756,-2)
(1338,403,116.360756,-2)
(1347,399,116.360756,-2)
(1356,395,116.360756,-2)
(1365,391,116.360756,-2)
(1374,387,116.360756,-2)
