4
(626,806,251.777313,-2)
(613,802,251.777313,-2)
(600,798,251.777313,-2)
(587,794,251.777313,-2)
(574,790,251.777313,-2)
(561,786,251.777313,-2)
(548,782,251.777313,-2)
(535,778,251.777313,-2)
(522,774,251.777313,-2)
(509,770,251.777313,-2)
(496,766,251.777313,-2)
(482,761,251.777313,-2)
(468,757,251.400757,-2)
(453,752,251.066681,-2)
(439,747,250.678665,-2)
(425,742,250.134399,-2)
(411,737,249.161682,-2)
(404,734,248.198593,-2)
(391,728,246.672302,-2)
(378,723,245.520676,-2)
(365,717,244.541031,-2)
(352,710,243.612793,-2)
(339,704,242.623062,-2)
(326,697,242.623062,-2)
(319,694,242.469238,-2)
(306,687,240.857681,-2)
(293,679,239.430771,-2)
(281,671,238.007477,-2)
(268,663,236.427383,-2)
(256,655,236.427383,-2)
(250,651,235.235519,-2)
(238,642,233.637589,-2)
(226,633,232.286774,-2)
(214,624,230.900284,-2)
(203,614,229.229691,-2)
(191,604,226.824310,-2)
(186,599,225.000000,-2)
(176,588,221.343063,-2)
(166,576,218.610229,-2)
(157,564,216.309471,-2)
(148,552,214.151443,-2)
(140,539,211.874557,-2)
(136,533,208.610458,-2)
(129,520,210.881165,-2)
(121,507,210.105896,-2)
(114,494,207.251595,-2)
(108,481,202.087914,-2)
(103,467,193.587784,-2)
(101,452,193.587784,-2)
(101,445,193.587784,-2)
(104,430,168.354492,-2)
(107,415,164.988937,-2)
(111,401,162.739944,-2)
(116,387,161.056725,-2)
(121,373,159.677444,-2)
(126,359,158.427437,-2)
(132,345,158.427437,-2)
(135,338,154.626411,-2)
(142,325,150.513454,-2)
(150,312,147.261509,-2)
(158,300,144.731098,-2)
(167,288,142.861618,-2)
(176,276,142.861618,-2)
(177,275,141.702484,-2)
(178,274,141.677017,4)
(179,272,141.638828,4)
(180,270,141.589474,4)
(182,269,141.530037,5)
(183,267,141.461430,5)
(184,266,141.384266,5)
(185,264,141.298977,6)
(187,263,141.205906,6)
(188,261,141.105301,6)
(189,259,140.997250,7)
(190,258,140.881790,7)
(192,256,140.758911,7)
(193,255,140.628471,8)
(194,253,140.490345,8)
(196,252,140.344265,8)
(197,250,140.189972,9)
(198,249,140.027115,9)
(199,247,139.855274,9)
(201,246,139.673969,10)
(202,244,139.482639,10)
(203,243,139.280647,10)
(205,241,139.067261,5)
(206,239,138.841637,5)
(207,238,138.602848,5)
(209,236,138.349808,6)
(210,235,138.081280,6)
(211,233,137.795856,6)
(213,232,137.491928,7)
(214,230,137.167633,7)
(215,229,136.820820,7)
(217,228,136.448978,8)
(218,226,136.049179,8)
(220,225,135.618004,8)
(221,223,135.151398,9)
(222,222,134.644463,9)
(224,220,134.091385,9)
(225,219,133.485054,10)
(227,218,132.816753,10)
(228,216,132.075645,10)
(230,215,131.248180,5)
(231,214,130.316967,6)
(232,213,128.290165,7)
(249,201,122.686684,8)
(266,191,119.435312,9)
(285,181,116.955338,10)
(303,172,116.955338,11)
(313,168,113.370111,12)
(332,160,111.623293,13)
(351,152,109.749630,14)
(371,146,106.971014,15)
(381,143,104.036243,-2)
(401,139,99.765034,-2)
(421,136,97.640744,-2)
(441,133,96.746088,-2)
(461,131,96.746088,-2)
(471,130,96.299773,-2)
(492,128,95.215097,-2)
(513,126,94.316704,-2)
(534,125,93.224418,-2)
(545,124,92.290610,-2)
(566,123,94.476131,-2)
(586,121,94.599455,-2)
(606,120,93.109461,-2)
(627,119,93.109461,-2)
(638,119,93.109461,-2)
(659,119,93.109461,-2)
(681,120,88.912136,-2)
(702,120,88.912136,-2)
(723,121,88.275038,-2)
(734,121,88.275038,-2)
(755,122,86.285054,-2)
(775,124,84.979539,-2)
(796,126,83.880836,-2)
(816,128,83.880836,-2)
(817,128,83.880836,-2)
(819,128,83.880836,4)
(821,129,83.190341,4)
(823,129,83.190341,4)
(825,129,83.190341,5)
(827,129,83.190341,5)
(829,130,83.152489,5)
(831,130,83.152489,6)
(833,130,83.152489,6)
(835,130,83.152489,6)
(837,131,83.028874,7)
(839,131,83.028874,7)
(841,131,83.028874,7)
(843,131,83.028874,8)
(845,132,82.831751,8)
(847,132,82.831751,8)
(849,132,82.831751,9)
(851,132,82.831751,9)
(853,133,82.562142,9)
(855,133,82.562142,10)
(857,133,82.562142,10)
(859,133,82.562142,10)
(861,134,82.212738,5)
(863,134,82.212738,5)
(865,134,82.212738,5)
(867,134,82.212738,6)
(869,135,81.767386,6)
(871,135,81.767386,6)
(873,135,81.767386,7)
(875,136,81.353992,7)
(877,136,81.353992,7)
(879,136,81.353992,8)
(881,137,80.852311,8)
(883,137,80.852311,8)
(885,137,80.852311,9)
(887,138,80.233693,9)
(889,138,80.233693,9)
(891,138,80.233693,10)
(893,139,79.452849,10)
(895,139,79.452849,10)
(897,139,79.452849,5)
(899,140,78.433236,6)
(900,140,78.433236,7)
(914,144,74.807441,8)
(927,147,73.709249,9)
(941,151,72.497080,10)
(954,156,71.000771,11)
(967,161,68.928040,12)
(980,166,68.928040,13)
(987,169,63.350935,14)
(1000,176,60.461668,15)
(1013,184,58.572617,-2)
(1026,192,57.175423,-2)
(1039,200,56.038109,-2)
(1051,209,56.038109,-2)
(1057,213,55.911942,-2)
(1068,221,54.857605,-2)
(1080,229,53.455902,-2)
(1091,238,51.623280,-2)
(1102,247,49.174908,-2)
(1112,256,45.746300,-2)
(1117,261,43.451839,-2)
(1127,272,39.703186,-2)
(1136,283,37.551895,-2)
(1145,295,35.995323,-2)
(1153,307,34.671371,-2)
(1161,319,33.352173,-2)
(1169,332,31.732269,-2)
(1173,338,30.579227,-2)
(1181,351,30.300705,-2)
(1188,364,29.015503,-2)
(1195,377,26.718967,-2)
(1201,390,23.025017,-2)
(1206,404,16.919083,-2)
(1208,411,14.036240,-2)
(1211,425,8.902542,-2)
(1212,439,5.037781,-2)
(1213,453,1.738152,-2)
(1213,467,1.738152,-2)
(1213,481,1.738152,-2)
(1211,495,1.738152,-2)
(1210,502,348.342255,-2)
(1206,516,344.242599,-2)
(1202,530,341.784454,-2)
(1197,544,340.035614,-2)
(1192,557,338.634109,-2)
(1187,571,337.378998,-2)
(1181,584,336.083817,-2)
(1175,597,336.083817,-2)
(1172,604,333.071945,-2)
(1165,617,330.834412,-2)
(1157,630,328.937546,-2)
(1149,643,327.287460,-2)
(1141,656,325.814499,-2)
(1132,668,325.814499,-2)
(1128,674,324.399414,-2)
(1119,686,322.467361,-2)
(1110,698,321.389740,-2)
(1100,710,320.623962,-2)
(1091,721,319.958252,-2)
(1081,732,319.122543,-2)
(1076,738,319.122543,-2)
(1072,743,319.122543,-2)
(1063,754,319.122543,-2)
(1054,765,319.122543,-2)
(1045,776,319.122543,-2)
(1036,787,319.122543,-2)
(1027,798,319.122543,-2)
(1018,809,319.122543,-2)
(1009,820,319.122543,-2)
(1000,831,319.122543,-2)
(991,842,319.122543,-2)
