5,7
(509,827,125.833851,-2)
(511,825,125.833851,-2)
(513,823,125.833851,-2)
(515,821,125.833851,-2)
(517,819,125.833851,-2)
(519,817,125.833851,-2)
(521,815,125.833851,-2)
(523,813,125.833851,-2)
(525,811,125.833851,-2)
(527,809,125.833851,-2)
(529,807,125.833851,-2)
(531,805,125.833851,-2)
(533,803,125.833851,-2)
(535,801,125.833851,-2)
(537,799,125.833851,-2)
(539,797,125.833851,-2)
(541,795,125.833851,-2)
(543,793,125.833851,-2)
(545,791,125.833851,-2)
(547,789,125.833851,-2)
(549,787,125.833851,-2)
(551,785,125.833851,-2)
(553,783,125.833851,-2)
(555,781,125.833851,-2)
(557,779,125.833851,-2)
(559,777,125.833851,-2)
(561,775,125.833851,-2)
(563,773,125.833851,-2)
(565,771,125.833851,-2)
(567,769,125.833851,-2)
(569,767,125.833851,-2)
(571,765,125.833851,-2)
(573,763,125.833851,-2)
(575,761,125.833851,-2)
(577,759,125.833851,-2)
(579,757,125.833851,-2)
(581,755,125.833851,-2)
(583,753,125.833851,-2)
(585,751,125.833851,-2)
(587,749,125.833851,-2)
(589,747,125.833851,-2)
(591,745,125.833851,-2)
(594,743,125.833851,-2)
(598,740,125.830757,-2)
(601,738,125.828201,-2)
(604,736,125.826004,-2)
(607,733,125.824142,-2)
(611,731,125.822495,-2)
(614,729,125.821068,-2)
(617,726,125.819775,-2)
(620,724,125.818619,-2)
(624,722,125.817585,-2)
(627,719,125.816628,-2)
(630,717,125.815762,-2)
(633,714,125.814980,-2)
(637,712,125.814232,-2)
(640,710,125.813564,-2)
(643,707,125.812931,-2)
(646,705,125.812340,-2)
(650,703,125.811798,-2)
(653,700,125.811279,-2)
(656,698,125.810802,-2)
(659,696,125.810349,-2)
(663,693,125.809917,-2)
(666,691,125.809509,-2)
(669,689,125.809128,-2)
(672,686,125.808769,-2)
(676,684,125.808422,-2)
(679,682,125.808094,-2)
(682,679,125.807777,-2)
(685,677,125.807484,-2)
(689,675,125.807201,-2)
(692,672,125.806931,-2)
(695,670,125.806667,-2)
(698,668,125.806435,-2)
(702,665,125.806187,-2)
(705,663,125.805958,-2)
(708,661,125.805737,-2)
(711,658,125.805527,-2)
(715,656,125.805336,-2)
(718,654,125.805138,-2)
(721,651,125.804947,-2)
(724,649,125.804775,-2)
(728,646,125.804592,-2)
(731,644,125.804428,-2)
(734,642,125.804272,-2)
(737,639,125.804115,-2)
(741,637,125.803970,-2)
(744,635,125.803829,-2)
(747,632,125.803688,-2)
(750,630,125.803547,-2)
(754,628,125.803417,-2)
(757,625,125.803295,-2)
(760,623,125.803173,-2)
(763,621,125.803055,-2)
(767,618,125.802944,-2)
(770,616,125.802837,-2)
(773,614,125.802731,-2)
(776,611,125.802624,-2)
(780,609,125.802528,-2)
(783,607,125.802429,-2)
(786,604,125.802338,-2)
(789,602,125.802246,-2)
(793,600,125.802166,-2)
(796,597,125.802078,-2)
(799,595,125.801994,-2)
(802,593,125.801918,-2)
(806,590,125.801842,-2)
(809,588,125.801769,-2)
(812,585,125.801701,-2)
(815,583,125.801636,-2)
(819,581,125.801563,-2)
(822,578,125.801502,-2)
(825,576,125.801434,-2)
(828,574,125.801380,-2)
(832,571,125.801323,-2)
(835,569,125.801262,-2)
(838,567,125.801216,-2)
(841,564,125.801159,-2)
(845,562,125.801109,-2)
(848,560,125.801064,-2)
(851,557,125.801018,-2)
(854,555,125.800972,-2)
(858,553,125.800930,-2)
(861,550,125.800892,-2)
(864,548,125.800850,-2)
(867,546,125.800812,-2)
(871,543,125.800774,-2)
(874,541,125.800739,-2)
(877,539,125.800709,-2)
(880,536,125.800674,-2)
(884,534,125.800648,-2)
(887,532,125.800617,-2)
(890,529,125.800587,-2)
(893,527,125.800568,-2)
(897,525,125.800541,-2)
(900,522,125.800518,-2)
(903,520,125.800499,-2)
(906,517,125.800476,-2)
(910,515,125.800461,-2)
(913,513,125.800438,-2)
(916,510,125.800426,-2)
(919,508,125.800411,-2)
(923,506,125.800400,-2)
(926,503,125.800385,-2)
(929,501,125.800377,-2)
(932,499,125.800369,-2)
(936,496,125.800362,-2)
(939,494,125.800354,-2)
(942,492,125.800346,-2)
(945,489,125.800343,-2)
(949,487,125.800343,-2)
(952,485,125.800343,-2)
(955,482,125.800343,-2)
(958,480,125.800343,-2)
(962,478,125.800343,-2)
(965,475,125.800350,-2)
(968,473,125.800354,-2)
(971,471,125.800362,-2)
(975,468,125.800369,-2)
(978,466,125.800377,-2)
(981,464,125.800388,-2)
(984,461,125.800400,-2)
(988,459,125.800411,-2)
(991,457,125.800426,-2)
(994,454,125.800442,-2)
(997,452,125.800461,-2)
(1001,449,125.800472,-2)
(1004,447,125.800499,-2)
(1007,445,125.800518,-2)
(1010,442,125.800541,-2)
(1014,440,125.800564,-2)
(1017,438,125.800591,-2)
(1020,435,125.800617,-2)
(1023,433,125.800648,-2)
(1027,431,125.800674,-2)
(1030,428,125.800709,-2)
(1033,426,125.800739,-2)
(1036,424,125.800774,-2)
(1040,421,125.800812,-2)
(1043,419,125.800850,-2)
(1046,417,125.800888,-2)
(1049,414,125.800930,-2)
(1053,412,125.800972,-2)
(1056,410,125.801018,-2)
(1059,407,125.801060,-2)
(1062,405,125.801109,-2)
(1066,403,125.801163,-2)
(1069,400,125.801208,-2)
(1072,398,125.801266,-2)
(1075,396,125.801323,-2)
(1079,393,125.801380,-2)
(1082,391,125.801437,-2)
(1085,389,125.801506,-2)
(1088,386,125.801559,-2)
(1092,384,125.801628,-2)
(1095,381,125.801701,-2)
(1098,379,125.801773,-2)
(1101,377,125.801842,-2)
(1105,374,125.801922,-2)
(1108,372,125.802002,-2)
(1111,370,125.802078,-2)
(1114,367,125.802170,-2)
(1118,365,125.802250,-2)
(1121,363,125.802341,-2)
(1124,360,125.802433,-2)
(1127,358,125.802528,-2)
(1131,356,125.802631,-2)
(1134,353,125.802731,-2)
(1137,351,125.802834,-2)
(1140,349,125.802948,-2)
(1144,346,125.803055,-2)
(1147,344,125.803173,-2)
(1150,342,125.803299,-2)
(1153,339,125.803425,-2)
(1157,337,125.803551,-2)
(1160,335,125.803684,-2)
(1163,332,125.803825,-2)
(1166,330,125.803967,-2)
(1170,328,125.804115,-2)
(1173,325,125.804272,-2)
(1176,323,125.804436,-2)
(1179,321,125.804604,-2)
(1183,318,125.804771,-2)
(1186,316,125.804951,-2)
(1189,313,125.805134,-2)
(1192,311,125.805332,-2)
(1196,309,125.805531,-2)
(1199,306,125.805744,-2)
(1202,304,125.805958,-2)
(1205,302,125.806187,-2)
(1209,299,125.806423,-2)
(1212,297,125.806675,-2)
(1215,295,125.806927,-2)
(1218,292,125.807201,-2)
(1222,290,125.807484,-2)
(1225,288,125.807777,-2)
(1228,285,125.808102,-2)
(1231,283,125.808426,-2)
(1235,281,125.808777,-2)
(1238,278,125.809128,-2)
(1241,276,125.809509,-2)
(1244,274,125.809925,-2)
(1248,271,125.810345,-2)
(1251,269,125.810799,-2)
(1254,267,125.811291,-2)
(1257,264,125.811798,-2)
(1261,262,125.812347,-2)
(1264,260,125.812946,-2)
(1267,257,125.813557,-2)
(1271,255,125.814243,-2)
(1274,252,125.814983,-2)
(1277,250,125.815765,-2)
(1280,248,125.816643,-2)
(1284,245,125.817577,-2)
(1287,243,125.818634,-2)
(1290,241,125.819775,-2)
(1293,238,125.821053,-2)
(1297,236,125.822502,-2)
(1300,234,125.824131,-2)
(1303,231,125.826000,-2)
(1306,229,125.828167,-2)
(1310,227,125.830750,-2)
(1313,224,125.833839,-2)
(1316,222,125.833839,-2)
(1316,222,125.833839,-2)
(1318,220,125.833839,-2)
(1320,218,125.833839,-2)
(1322,216,125.833839,-2)
(1324,214,125.833839,-2)
(1326,212,125.833839,-2)
(1328,210,125.833839,-2)
(1330,208,125.833839,-2)
(1332,206,125.833839,-2)
(1334,204,125.833839,-2)
(1336,202,125.833839,-2)
(1338,200,125.833839,-2)
(1340,198,125.833839,-2)
(1342,196,125.833839,-2)
(1344,194,125.833839,-2)
(1346,192,125.833839,-2)
(1348,190,125.833839,-2)
(1350,188,125.833839,-2)
(1352,186,125.833839,-2)
(1354,184,125.833839,-2)
(1356,182,125.833839,-2)
(1358,180,125.833839,-2)
(1360,178,125.833839,-2)
(1362,176,125.833839,-2)
(1364,174,125.833839,-2)
(1366,172,125.833839,-2)
(1368,170,125.833839,-2)
(1370,168,125.833839,-2)
(1372,166,125.833839,-2)
(1374,164,125.833839,-2)
(1376,162,125.833839,-2)
(1378,160,125.833839,-2)
(1380,158,125.833839,-2)
(1382,156,125.833839,-2)
(1384,154,125.833839,-2)
(1386,152,125.833839,-2)
(1388,150,125.833839,-2)
(1390,148,125.833839,-2)
(1392,146,125.833839,-2)
(1394,144,125.833839,-2)
(1396,142,125.833839,-2)
(1398,140,125.833839,-2)
