4
(-282,453,90.000000,-2)
(-265,453,90.000000,-2)
(-248,453,90.000000,-2)
(-231,453,90.000000,-2)
(-214,453,90.000000,-2)
(-197,453,90.000000,-2)
(-180,453,90.000000,-2)
(-163,453,90.000000,-2)
(-146,453,90.000000,-2)
(-129,453,90.000000,-2)
(-112,453,90.000000,-2)
(-95,453,90.000000,-2)
(-79,453,90.000000,-2)
(-62,453,90.000000,-2)
(-46,453,90.000000,-2)
(-29,453,90.000000,-2)
(-21,453,90.000000,-2)
(-5,452,93.421204,-2)
(10,451,94.089317,-2)
(26,449,94.846108,-2)
(42,448,95.864380,-2)
(58,446,97.562981,-2)
(66,445,98.746162,-2)
(82,442,104.014853,-2)
(98,437,107.036341,-2)
(114,432,108.434645,-2)
(129,427,108.323519,-2)
(145,422,108.323519,-2)
(153,420,107.284147,-2)
(170,414,108.717827,-2)
(186,408,109.803295,-2)
(202,403,110.802439,-2)
(218,396,111.918337,-2)
(226,393,112.619864,-2)
(241,386,115.975979,-2)
(255,379,117.776520,-2)
(269,371,118.790306,-2)
(283,364,119.241894,-2)
(297,356,119.072718,-2)
(304,352,118.610460,-2)
(319,344,119.370277,-2)
(334,335,119.907055,-2)
(349,327,120.396132,-2)
(363,318,120.948984,-2)
(378,309,120.948984,-2)
(379,309,120.948984,-2)
(381,307,120.213228,4)
(382,306,120.483200,4)
(384,305,120.724442,4)
(386,304,120.940426,5)
(387,303,121.133959,5)
(389,302,121.307411,5)
(391,301,121.462757,6)
(393,300,121.601521,6)
(394,299,121.725174,6)
(396,298,121.834929,7)
(398,297,121.931688,7)
(399,296,122.016323,7)
(401,295,122.089535,8)
(403,294,122.151913,8)
(405,293,122.203941,8)
(406,292,122.245983,9)
(408,291,122.278355,9)
(410,290,122.301346,9)
(411,289,122.315060,10)
(413,287,122.319614,10)
(415,286,122.315056,10)
(416,285,122.301323,5)
(418,284,122.278366,5)
(420,283,122.245968,5)
(421,282,122.203896,6)
(423,281,122.151901,6)
(425,280,122.089527,6)
(427,279,122.016296,7)
(428,278,121.931654,7)
(430,277,121.834864,7)
(432,276,121.725143,8)
(433,275,121.601486,8)
(435,274,121.462688,8)
(437,273,121.307371,9)
(439,272,121.133928,9)
(440,271,120.940432,9)
(442,270,120.724417,10)
(444,269,120.483168,10)
(445,268,120.213188,10)
(447,266,119.910315,5)
(448,266,119.910315,5)
(450,265,119.757704,5)
(451,264,119.764219,6)
(453,263,119.764742,6)
(455,262,119.759779,6)
(457,261,119.749578,7)
(458,260,119.734484,7)
(460,259,119.714663,7)
(462,258,119.690388,8)
(464,257,119.661795,8)
(465,256,119.628984,8)
(467,255,119.592142,9)
(469,254,119.551323,9)
(471,253,119.506598,9)
(472,252,119.458055,10)
(474,251,119.405689,10)
(476,250,119.349535,10)
(478,249,119.289618,5)
(479,248,119.225899,5)
(481,247,119.158361,5)
(483,246,119.086979,6)
(485,245,119.011696,6)
(486,244,118.932446,6)
(488,243,118.849159,7)
(490,242,118.761732,7)
(492,241,118.670044,7)
(493,240,118.574034,8)
(495,240,118.574034,8)
(497,239,118.368296,8)
(499,238,118.258278,9)
(500,237,118.143261,9)
(502,236,118.022997,9)
(504,235,117.897284,10)
(506,234,117.765886,10)
(507,233,117.628490,10)
(509,232,117.484777,5)
(511,231,117.334438,5)
(513,230,117.177155,5)
(515,229,117.012383,6)
(516,228,116.839785,6)
(518,227,116.658854,7)
(519,227,116.658854,8)
(530,222,115.004631,9)
(541,217,115.041756,10)
(552,212,114.878124,11)
(563,207,114.544231,12)
(574,202,114.018808,13)
(585,197,113.226480,14)
(596,192,111.985453,15)
(607,188,111.985453,-2)
(613,186,108.050610,-2)
(625,182,107.833763,-2)
(637,178,106.610886,-2)
(649,175,104.429116,-2)
(662,172,101.284019,-2)
(674,170,97.154077,-2)
(687,169,97.154077,-2)
(693,169,97.154077,-2)
(706,169,97.154077,-2)
(718,170,86.437785,-2)
(730,171,85.466492,-2)
(743,172,84.726544,-2)
(755,173,84.125122,-2)
(767,174,83.607752,-2)
(780,176,83.134575,-2)
(792,177,82.662887,-2)
(798,178,80.537678,-2)
(810,180,79.517326,-2)
(822,182,78.398834,-2)
(834,185,77.143080,-2)
(845,188,75.700344,-2)
(857,191,74.002108,-2)
(868,194,71.947630,-2)
(880,198,69.379824,-2)
(891,203,69.379824,-2)
(897,206,64.553726,-2)
(908,211,62.443914,-2)
(919,217,60.856812,-2)
(930,223,59.470409,-2)
(940,230,58.112049,-2)
(951,237,56.635330,-2)
(961,244,54.843643,-2)
(971,251,52.347351,-2)
(981,259,52.347351,-2)
(985,263,44.398655,-2)
(994,272,40.843494,-2)
(1001,282,37.672089,-2)
(1008,291,34.551266,-2)
(1015,302,31.171677,-2)
(1021,312,27.108070,-2)
(1026,323,21.543854,-2)
(1028,329,16.927513,-2)
(1029,331,15.885986,4)
(1029,333,15.885986,4)
(1030,335,14.029205,4)
(1030,337,14.029205,5)
(1031,339,12.387253,5)
(1031,341,12.387253,5)
(1031,343,12.387253,6)
(1032,345,10.178329,6)
(1032,347,10.178329,6)
(1032,349,10.178329,7)
(1033,351,8.145676,7)
(1033,353,8.145676,7)
(1033,355,8.145676,8)
(1033,357,8.145676,8)
(1034,359,5.544472,8)
(1034,361,5.544472,9)
(1034,363,5.544472,9)
(1034,365,5.544472,9)
(1034,367,5.544472,10)
(1034,369,5.544472,10)
(1034,371,5.544472,10)
(1034,373,5.544472,5)
(1034,375,5.544472,5)
(1034,377,5.544472,5)
(1034,379,5.544472,6)
(1034,381,5.544472,6)
(1034,383,5.544472,6)
(1034,385,5.544472,7)
(1034,387,5.544472,7)
(1034,389,5.544472,7)
(1034,391,5.544472,8)
(1033,393,352.326935,8)
(1033,395,352.326935,8)
(1033,397,352.326935,9)
(1032,399,348.887604,9)
(1032,401,348.887604,9)
(1031,403,346.215118,10)
(1031,404,346.215118,10)
(1030,406,343.147034,10)
(1030,408,343.147034,5)
(1029,410,339.580627,5)
(1028,412,337.570938,5)
(1028,413,337.570938,6)
(1027,415,333.704941,6)
(1026,417,331.326813,6)
(1025,418,329.282547,7)
(1024,420,327.507431,7)
(1023,422,325.952011,7)
(1022,423,324.577393,8)
(1021,425,323.353699,8)
(1020,427,322.256821,8)
(1018,428,321.267868,9)
(1017,430,320.371231,9)
(1016,431,319.554398,9)
(1014,433,318.806992,10)
(1013,434,318.120361,10)
(1012,436,317.487396,10)
(1010,437,316.901886,5)
(1009,439,316.358871,5)
(1008,440,315.853821,5)
(1006,442,315.383118,6)
(1005,443,314.943405,6)
(1003,445,314.531952,6)
(1002,446,314.146332,7)
(1000,447,313.784363,7)
(999,449,313.444366,7)
(997,450,313.124527,8)
(996,452,312.823547,8)
(994,453,312.540222,8)
(993,454,312.273361,9)
(992,456,312.022217,9)
(990,457,311.785812,9)
(989,458,311.563583,10)
(987,460,311.354935,10)
(985,461,311.159424,10)
(984,462,310.976654,5)
(982,464,310.806396,5)
(981,465,310.648468,5)
(979,466,310.502884,6)
(978,468,310.369690,6)
(976,469,310.249191,6)
(975,470,310.141632,7)
(973,471,310.047699,7)
(972,473,309.968124,7)
(970,474,309.903931,8)
(969,475,309.856461,8)
(967,477,309.827576,8)
(965,478,309.819687,9)
(964,479,309.835831,9)
(962,480,309.880280,9)
(961,482,309.958786,10)
(959,483,310.079117,10)
(958,484,310.252823,5)
(957,485,311.987213,6)
(949,491,307.280960,7)
(941,497,304.092590,8)
(933,503,302.179840,9)
(924,508,301.420303,10)
(915,513,301.827499,11)
(907,519,303.583511,12)
(899,525,307.119247,13)
(891,531,307.119247,14)
(887,535,314.947403,15)
(880,542,317.520447,-2)
(874,550,319.526398,-2)
(867,557,321.264679,-2)
(861,565,322.908340,-2)
(855,574,324.593979,-2)
(849,582,326.475250,-2)
(844,591,328.793991,-2)
(841,595,332.354019,-2)
(837,604,336.451233,-2)
(833,614,338.577332,-2)
(829,623,339.912094,-2)
(826,633,340.826599,-2)
(823,642,341.466553,-2)
(819,652,341.871033,-2)
(816,661,341.929016,-2)
(813,671,341.929016,-2)
(813,671,341.929016,-2)
(810,681,341.929016,-2)
(807,691,341.929016,-2)
(804,701,341.929016,-2)
(801,711,341.929016,-2)
(798,721,341.929016,-2)
(795,731,341.929016,-2)
(792,741,341.929016,-2)
(789,751,341.929016,-2)
(786,761,341.929016,-2)
(783,771,341.929016,-2)
(780,781,341.929016,-2)
(777,791,341.929016,-2)
(774,801,341.929016,-2)
